    5   1   5   1   0   0
        0       1       0       1        6.92820323
        1       1       1       1        6.92820323
        1       3       1       3        9.79795897
        2       3       2       3        1.37256610
        2       5       2       5        8.84489155
        2       1       2       1        1.79165685
       -1
    5   1   5   1   0   2
        2       3       2       3        0.18441612
        2       5       2       5        0.67133802
        2       1       2       1        0.30845535
       -2
    5   1   5   1   2   0
        2       3       2       3        0.07212469
        2       3       2       5       -0.13180658
        2       3       2       1       -0.01267629
        2       5       2       3        0.13180657
        2       5       2       5        0.94518018
        2       1       2       3        0.01267629
        2       1       2       1        0.09624103
       -1
    5   1   5   1   2   2
        2       3       2       3        0.05176768
        2       3       2       5        0.12884685
        2       3       2       1        0.09630762
        2       5       2       3       -0.12884682
        2       5       2       5       -0.65833545
        2       1       2       3       -0.09630762
        2       1       2       1       -0.20317253
       -2
    5   1   5   1   4   0
        2       3       2       3       -0.19827332
        2       3       2       5        0.43677408
        2       3       2       1        0.22918464
        2       5       2       3       -0.43677408
        2       5       2       5       -0.68862563
        2       5       2       1       -0.46031424
        2       1       2       3       -0.22918464
        2       1       2       5       -0.46031424
       -1
    5   1   5   1   4   2
        2       3       2       3        0.00390019
        2       3       2       5       -0.00904477
        2       3       2       1       -0.08420420
        2       5       2       3        0.00904477
        2       5       2       5        0.58769751
        2       5       2       1       -0.08921094
        2       1       2       3        0.08420420
        2       1       2       5       -0.08921094
       -2
    5   1   5   1   6   0
        2       3       2       3       -0.01981908
        2       3       2       5       -0.04347940
        2       5       2       3        0.04347940
        2       5       2       5        0.61998659
        2       5       2       1       -0.13352238
        2       1       2       5       -0.13352238
       -1
    5   1   5   1   6   2
        2       3       2       3        0.04550295
        2       3       2       5        0.02240068
        2       5       2       3       -0.02240068
        2       5       2       5       -0.59283853
        2       5       2       1        0.12972091
        2       1       2       5        0.12972091
       -2
    5   1   5   1   8   0
        2       3       2       5        0.04600699
        2       5       2       3       -0.04600699
        2       5       2       5       -0.55663455
       -1
    5   1   5   1   8   2
        2       3       2       5        0.07918451
        2       5       2       3       -0.07918451
        2       5       2       5        0.57637423
       -2
    5   1   5   1  10   0
        2       5       2       5        0.70472062
       -1
    5   1   5   1  10   2
        2       5       2       5       -0.70625544
       -2
