    3   5   3   5   0   0
        0       1       0       1        9.79794897
        1       1       1       1        9.79795897
        1       3       1       3       13.85640645
        2       1       2       1        9.79794897
        2       3       2       3       13.85640645
        2       5       2       5       16.97056275
        3       7       3       7       19.59591793
        3       3       3       3        6.33048248
        3       5       3       5        3.19111323
        3       1       3       1        1.45531130
        4       9       4       9        0.54170620
       -1
    3   5   3   5   0   2
        3       3       3       3        2.21434617
        3       5       3       5        2.12757254
        3       1       3       1        0.80697876
        4       9       4       9        0.33227906
       -2
    3   5   3   5   2   0
        3       3       3       3        1.48475826
        3       3       3       5        0.07030716
        3       3       3       1       -0.14978145
        3       5       3       3       -0.07030716
        3       5       3       5        0.12049334
        3       1       3       3        0.14978145
        3       1       3       1       -0.03102681
        4       9       4       9        0.00779946
       -1
    3   5   3   5   2   2
        3       3       3       3       -0.77685910
        3       3       3       5       -0.00488604
        3       3       3       1        0.09830429
        3       5       3       3        0.00488604
        3       5       3       5        0.08036093
        3       1       3       3       -0.09830429
        3       1       3       1        0.05890406
        4       9       4       9       -0.02011853
       -2
    3   5   3   5   4   0
        3       3       3       3        1.31453121
        3       3       3       5        0.17251170
        3       3       3       1        0.44452706
        3       5       3       3       -0.17251170
        3       5       3       5        0.36057925
        3       5       3       1        0.32142949
        3       1       3       3       -0.44452706
        3       1       3       5        0.32142949
        4       9       4       9        0.05659450
       -1
    3   5   3   5   4   2
        3       3       3       3       -0.57902658
        3       3       3       5        0.08175983
        3       3       3       1        0.22051792
        3       5       3       3       -0.08175983
        3       5       3       5        0.23982576
        3       5       3       1        0.18526509
        3       1       3       3       -0.22051792
        3       1       3       5        0.18526509
        4       9       4       9        0.02365404
       -2
    3   5   3   5   6   0
        3       3       3       3        1.29556668
        3       3       3       5       -0.04284406
        3       5       3       3        0.04284406
        3       5       3       5       -0.00989696
        3       5       3       1       -0.02191148
        3       1       3       5       -0.02191148
        4       9       4       9        0.00602738
       -1
    3   5   3   5   6   2
        3       3       3       3       -0.90458250
        3       3       3       5        0.01104740
        3       5       3       3       -0.01104740
        3       5       3       5        0.00542805
        3       5       3       1       -0.00270551
        3       1       3       5       -0.00270551
        4       9       4       9       -0.00614241
       -2
 