 3   7   3   7   0   0
        0       1       0       1       11.31370849
        1       1       1       1       11.31370849
        1       3       1       3       16.00000000
        2       1       2       1       11.31370849
        2       3       2       3       16.00000000
        2       5       2       5       19.59591794
        3       7       3       7       22.62741699
        3       3       3       3        7.93859339
        3       5       3       5        5.61997366
        3       1       3       1        2.14354467
        4       9       4       9        1.05155766
       -1
    3   7   3   7   0   2
        3       3       3       3        2.81539345
        3       5       3       5        3.64143538
        3       1       3       1        1.24031138
        4       9       4       9        0.64061010
       -2
    3   7   3   7   2   0
        3       3       3       3        1.69597733
        3       3       3       5        0.08475719
        3       3       3       1       -0.16055939
        3       5       3       3       -0.08475719
        3       5       3       5        0.14385051
        3       1       3       3        0.16055939
        3       1       3       1       -0.04158116
        4       9       4       9        0.01182946
       -1
    3   7   3   7   2   2
        3       3       3       3       -0.91154510
        3       3       3       5       -0.00530780
        3       3       3       1        0.08254355
        3       5       3       3        0.00530780
        3       5       3       5        0.08302452
        3       1       3       3       -0.08254355
        3       1       3       1        0.04286133
        4       9       4       9       -0.02355083
       -2
    3   7   3   7   4   0
        3       3       3       3        1.44428658
        3       3       3       5        0.17055114
        3       3       3       1        0.46071652
        3       5       3       3       -0.17055114
        3       5       3       5        0.46487746
        3       5       3       1        0.42929602
        3       1       3       3       -0.46071652
        3       1       3       5        0.42929602
        4       9       4       9        0.10080550
       -1
    3   7   3   7   4   2
        3       3       3       3       -0.71895945
        3       3       3       5        0.07231073
        3       3       3       1        0.21942404
        3       5       3       3       -0.07231073
        3       5       3       5        0.30231148
        3       5       3       1        0.25002760
        3       1       3       3       -0.21942404
        3       1       3       5        0.25002760
        4       9       4       9        0.04788999
       -2
    3   7   3   7   6   0
        3       3       3       3        1.51955402
        3       3       3       5       -0.05492746
        3       5       3       3        0.05492746
        3       5       3       5       -0.02039796
        3       5       3       1       -0.01483146
        3       1       3       5       -0.01483146
        4       9       4       9        0.00904546
       -1
    3   7   3   7   6   2
        3       3       3       3       -1.02505589
        3       3       3       5        0.00676107
        3       5       3       3       -0.00676107
        3       5       3       5        0.00018316
        3       5       3       1        0.00136502
        3       1       3       5        0.00136502
        4       9       4       9       -0.00668838
       -2
