    3   7   3   7   0   0
        0       1       0       1       11.31370849
        1       1       1       1       11.31370849
        1       3       1       3       16.00000000
        2       1       2       1       11.31370849
        2       3       2       3       16.00000000
        2       5       2       5       19.59591794
        3       7       3       7       22.62741699
        4       9       4       9        0.99347126
        3       5       3       5        5.24093151
        3       3       3       3        8.27438641
        3       1       3       1        2.45506573
       -1
    3   7   3   7   0   2
        4       9       4       9        0.57288337
        3       5       3       5        3.39130783
        3       3       3       3        3.15846968
        3       1       3       1        1.33980370
       -2
    3   7   3   7   2   0
        4       9       4       9        0.02286278
        3       5       3       5        0.18511842
        3       5       3       3       -0.09839964
        3       3       3       5        0.09839964
        3       3       3       3        1.59428775
        3       3       3       1       -0.22891602
        3       1       3       3        0.22891602
        3       1       3       1       -0.10587531
       -1
    3   7   3   7   2   2
        4       9       4       9       -0.02903377
        3       5       3       5        0.11135392
        3       5       3       3       -0.00621280
        3       3       3       5        0.00621281
        3       3       3       3       -0.89828932
        3       3       3       1        0.08696021
        3       1       3       3       -0.08696021
        3       1       3       1        0.04980390
       -2
    3   7   3   7   4   0
        4       9       4       9        0.09521425
        3       5       3       5        0.60941386
        3       5       3       3       -0.10048223
        3       5       3       1        0.41747972
        3       3       3       5        0.10048223
        3       3       3       3        1.30362904
        3       3       3       1        0.37002912
        3       1       3       5        0.41747972
        3       1       3       3       -0.37002912
       -1
    3   7   3   7   4   2
        4       9       4       9        0.04026859
        3       5       3       5        0.39728901
        3       5       3       3       -0.02795598
        3       5       3       1        0.22685388
        3       3       3       5        0.02795598
        3       3       3       3       -0.77685452
        3       3       3       1        0.13668886
        3       1       3       5        0.22685388
        3       1       3       3       -0.13668886
       -2
    3   7   3   7   6   0
        4       9       4       9        0.01143471
        3       5       3       5       -0.00093127
        3       5       3       3        0.03778578
        3       5       3       1       -0.01406652
        3       3       3       5       -0.03778578
        3       3       3       3        1.46916389
        3       1       3       5       -0.01406652
       -1
    3   7   3   7   6   2
        4       9       4       9       -0.01152591
        3       5       3       5        0.01405790
        3       5       3       3       -0.01724829
        3       5       3       1        0.00598798
        3       3       3       5        0.01724829
        3       3       3       3       -0.97716767
        3       1       3       5        0.00598798
       -2
