    3   7   3   7   0   0
        0       1       0       1       11.31370849
        1       1       1       1       11.31370849
        1       3       1       3       16.00000000
        2       1       2       1       11.31370849
        2       3       2       3       16.00000000
        2       5       2       5       19.59591794
        3       7       3       7       22.62741699
        3       5       3       5        5.27951384
        3       3       3       3        7.80129337
        3       1       3       1        2.63555264
        4       9       4       9        1.18207955
       -1
    3   7   3   7   0   2
        3       5       3       5        3.39722204
        3       3       3       3        2.84421158
        3       1       3       1        1.50151515
        4       9       4       9        0.69473660
       -2
    3   7   3   7   2   0
        3       5       3       5        0.15259509
        3       5       3       3       -0.11448320
        3       3       3       5        0.11448320
        3       3       3       3        1.63408577
        3       3       3       1       -0.17664775
        3       1       3       3        0.17664775
        3       1       3       1       -0.05382568
        4       9       4       9        0.02399204
       -1
    3   7   3   7   2   2
        3       5       3       5        0.08364769
        3       5       3       3        0.00456649
        3       3       3       5       -0.00456649
        3       3       3       3       -0.89512962
        3       3       3       1        0.09126703
        3       1       3       3       -0.09126703
        3       1       3       1        0.06321779
        4       9       4       9       -0.03934271
       -2
    3   7   3   7   4   0
        3       5       3       5        0.64524019
        3       5       3       3       -0.17562167
        3       5       3       1        0.33094263
        3       3       3       5        0.17562167
        3       3       3       3        1.37731624
        3       3       3       1        0.41940972
        3       1       3       5        0.33094263
        3       1       3       3       -0.41940972
        4       9       4       9        0.16614698
       -1
    3   7   3   7   4   2
        3       5       3       5        0.42383176
        3       5       3       3       -0.06263580
        3       5       3       1        0.15667507
        3       3       3       5        0.06263580
        3       3       3       3       -0.76587236
        3       3       3       1        0.18307437
        3       1       3       5        0.15667507
        3       1       3       3       -0.18307437
        4       9       4       9        0.07552160
       -2
    3   7   3   7   6   0
        3       5       3       5        0.00258506
        3       5       3       3        0.04729683
        3       5       3       1       -0.01340155
        3       3       3       5       -0.04729683
        3       3       3       3        1.48868310
        3       1       3       5       -0.01340155
        4       9       4       9        0.01548625
       -1
    3   7   3   7   6   2
        3       5       3       5        0.02837166
        3       5       3       3       -0.02460501
        3       5       3       1        0.01044047
        3       3       3       5        0.02460501
        3       3       3       3       -0.98689085
        3       1       3       5        0.01044047
        4       9       4       9       -0.00976684
       -2
