    1   1   1   1   0   0
        0       1       0       1        4.00000000
        1       1       1       1        4.00000000
        1       3       1       3        5.65685425
        2       1       2       1        1.17753398
        2       3       2       3        0.19125693
        2       5       2       5        0.89604074
       -1
    1   1   1   1   0   2
        2       1       2       1        0.35577747
        2       3       2       3        0.02824098
        2       5       2       5        0.34888336
       -2
    1   1   1   1   2   0
        2       1       2       1        0.42661762
        2       3       2       1       -0.01475937
        2       1       2       3        0.01475937
        2       3       2       3       -0.05634095
        2       5       2       3       -0.13394520
        2       3       2       5        0.13394520
        2       5       2       5        0.12703483
       -1
    1   1   1   1   2   2
        2       1       2       1       -0.39163566
        2       3       2       1       -0.01563142
        2       1       2       3        0.01563142
        2       3       2       3        0.01599665
        2       5       2       3        0.10505894
        2       3       2       5       -0.10505894
        2       5       2       5       -0.24666308
       -2