    0   2   0   2   0   0
        0       1       0       1        3.46410162
        1       1       1       1        3.46410162
        1       3       1       3        4.89897949
        2       1       2       1        3.46410162
        2       3       2       3        4.89897949
        2       5       2       5        6.00000000 
        3       7       3       7        5.58634043
        3       3       3       3        0.20159583
        3       5       3       5        0.33617857
        3       1       3       1        0.08429690
       -1
    0   2   0   2   0   2
        3       7       3       7        0.66139030
        3       3       3       3        0.03829241
        3       5       3       5        0.01447187
        3       1       3       1        0.01221326
       -2
