    0   2   0   2   0   0
        0       1       0       1        3.46410162
        1       1       1       1        3.46410162
        1       3       1       3        4.89897949
        2       1       2       1        3.46410162
        2       3       2       3        4.89897949
        2       5       2       5        6.00000000 
        3       7       3       7        5.65157843
        3       3       3       3        0.29558218
        3       5       3       5        0.19449662
        3       1       3       1        0.06630424
       -1
    0   2   0   2   0   2
        3       7       3       7        0.64010996
        3       3       3       3        0.05121331
        3       5       3       5        0.02524580
        3       1       3       1        0.01784015
       -2
