    0   4   0   4   0   0
        0       1       0       1        4.47213595
        1       1       1       1        4.47213595
        1       3       1       3        6.32455532
        2       1       2       1        4.47213595
        2       3       2       3        6.32455532
        2       5       2       5        7.74596669
        3       7       3       7        7.25817299
        3       3       3       3        1.22206306
        3       5       3       5        0.66617197
        3       1       3       1        0.49009657
       -1
    0   4   0   4   0   2
        3       7       3       7        0.78995067
        3       3       3       3        0.63921118
        3       5       3       5        0.23425388
        3       1       3       1        0.27265489
       -2
