    1   5   1   5   0   0
        0       1       0       1        6.92820322
        1       1       1       1        6.92820322
        1       3       1       3        9.79795897
        2       1       2       1        6.92820322
        2       3       2       3        9.79795897
        2       5       2       5       12.00000000
        3       7       3       7       11.27710533
        3       3       3       3        2.59292150
        3       5       3       5        1.20475876
        3       1       3       1        1.13700330
       -1
    1   5   1   5   0   2
        3       7       3       7        1.40887868
        3       3       3       3        0.96852851
        3       5       3       5        0.61999321
        3       1       3       1        0.65475637
       -2
    1   5   1   5   2   0
        3       7       3       7        0.00454105
        3       7       3       5       -0.09634384
        3       3       3       3       -0.27714023
        3       3       3       5        0.38120246
        3       3       3       1       -0.06470513
        3       5       3       7        0.09634385
        3       5       3       3       -0.38120243
        3       5       3       5        0.40113473
        3       1       3       3        0.06470513
        3       1       3       1        0.19368118
       -1
    1   5   1   5   2   2
        3       7       3       7        0.00069089
        3       7       3       5       -0.05732149
        3       3       3       3       -0.14597967
        3       3       3       5        0.26805985
        3       3       3       1       -0.05567171
        3       5       3       7        0.05732149
        3       5       3       3       -0.26805982
        3       5       3       5        0.26237026
        3       1       3       3        0.05567171
        3       1       3       1        0.12965463
       -2
