    1   5   1   5   0   0
        0       1       0       1        6.92820322
        1       1       1       1        6.92820322
        1       3       1       3        9.79795897
        2       1       2       1        6.92820322
        2       3       2       3        9.79795897
        2       5       2       5       12.00000000
        3       7       3       7       11.37372494
        3       3       3       3        2.20934629
        3       5       3       5        1.41995740
        3       1       3       1        1.11348808
       -1
    1   5   1   5   0   2
        3       7       3       7        1.27172220
        3       3       3       3        1.08267772
        3       5       3       5        0.67663854
        3       1       3       1        0.66952503
       -2
    1   5   1   5   2   0
        3       7       3       7       -0.00577339
        3       7       3       5       -0.08470207
        3       3       3       3       -0.27908951
        3       3       3       5        0.41580421
        3       3       3       1       -0.07167646
        3       5       3       7        0.08470208
        3       5       3       3       -0.41580418
        3       5       3       5        0.43168512
        3       1       3       3        0.07167646
        3       1       3       1        0.11363824
       -1
    1   5   1   5   2   2
        3       7       3       7        0.02830239
        3       7       3       5       -0.05620449
        3       3       3       3       -0.16919222
        3       3       3       5        0.29288089
        3       3       3       1       -0.05351559
        3       5       3       7        0.05620449
        3       5       3       3       -0.29288086
        3       5       3       5        0.28302893
        3       1       3       3        0.05351559
        3       1       3       1        0.07355051
       -2