    0   6   0   6   0   0
        0       1       0       1        5.29150263
        1       1       1       1        5.29150263
        1       3       1       3        7.48331478
        2       1       2       1        5.29150263
        2       3       2       3        7.48331478
        2       5       2       5        9.16515139
        3       1       3       1        1.66471553
        3       3       3       3        1.47276759
        3       5       3       5        2.09407735
        3       7       3       7        8.21859550
       -1
    0   6   0   6   0   2
        3       1       3       1        0.85421538
        3       3       3       3        0.41944420
        3       5       3       5        1.01866603
        3       7       3       7        1.03986132
       -2