    0   6   0   6   0   0
        0       1     0       1         5.29150262
        1       1     1       1         5.29150262
        1       3     1       3         7.48331477
        2       1     2       1         5.29150262
        2       3     2       3         7.48331477
        2       5     2       5         9.16515139
        3       7     3       7        10.58300524
        4       9     4       9         1.68757105
        3       5     3       5         3.76858020
        3       3     3       3         4.54423952
        3       1     3       1         1.79283834
       -1
    0   6   0   6   0   2
        4       9     4       9         0.74045819
        3       5     3       5         1.05657125
        3       3     3       3         1.03585279
        3       1     3       1         0.34083638
       -2
 