    0   8   0   8   0   0
        0       1     0       1         6.00000000
        1       1     1       1         6.00000000
        1       3     1       3         8.48528137
        2       1     2       1         6.00000000
        2       3     2       3         8.48528137
        2       5     2       5        10.39230485
        3       7     3       7        12.00000000
        4       9     4       9         2.64231873
        3       5     3       5         4.92596102
        3       3     3       3         5.20444202
        3       1     3       1         2.19938707
       -1
    0   8   0   8   0   2
        4       9     4       9         1.28286636
        3       5     3       5         1.39139080
        3       3     3       3         1.32064176
        3       1     3       1         0.59976220
       -2
