    0   8   0   8   0   0
        0       1     0       1         6.00000000
        1       1     1       1         6.00000000
        1       3     1       3         8.48528137
        2       1     2       1         6.00000000
        2       3     2       3         8.48528137
        2       5     2       5        10.39230485
        3       7     3       7        12.00000000
        3       5     3       5         4.98101902
        3       3     3       3         5.03800535
        3       1     3       1         2.10079384
        4       9     4       9         2.74902749
       -1
    0   8   0   8   0   2
        3       5     3       5         1.20154560
        3       3     3       3         1.15916920
        3       1     3       1         0.64851916
        4       9     4       9         1.51023936
       -2
