    9   9   9   9   0   0
        0       1     0       1        20.00000000
        1       1     1       1        20.00000000
        1       3     1       3        28.28427125
        2       1     2       1        20.00000000
        2       3     2       3        28.28427125
        2       5     2       5        34.64101615
        3       7     3       7        40.00000000
        3       5     3       5        17.35151100
        3       3     3       3        16.92664909
        3       1     3       1         7.14934492
        4       9     4       9        10.67009640
       -1
    9   9   9   9   0   2
        3       5     3       5         4.14002991
        3       3     3       3         4.14620733
        3       1     3       1         2.08813477
        4       9     4       9         6.08224344
       -2
    9   9   9   9   2   0
        3       5     3       5         0.33696958
        3       5     3       3         0.01853969
        3       3     3       5        -0.01853969
        3       3     3       3         0.15977901
        3       3     3       1         0.02729548
        3       1     3       3        -0.02729548
        3       1     3       1         0.04494272
        4       9     4       9         2.03803611
       -1
    9   9   9   9   2   2
        3       5     3       5        -0.05726880
        3       5     3       3         0.07138493
        3       3     3       5        -0.07138493
        3       3     3       3        -0.10714334
        3       3     3       1         0.00334259
        3       1     3       3        -0.00334259
        3       1     3       1         0.00815025
        4       9     4       9         1.25752258
       -2
    9   9   9   9   4   0
        3       5     3       5         0.34041691
        3       5     3       3        -0.07769804
        3       5     3       1         0.22610715
        3       3     3       5         0.07769804
        3       3     3       3        -0.01687086
        3       3     3       1         0.29695493
        3       1     3       5         0.22610715
        3       1     3       3        -0.29695493
        4       9     4       9         0.35821038
       -1
    9   9   9   9   4   2
        3       5     3       5         0.29980743
        3       5     3       3         0.00586429
        3       5     3       1        -0.19966397
        3       3     3       5        -0.00586429
        3       3     3       3        -0.15076534
        3       3     3       1        -0.22839125
        3       1     3       5        -0.19966397
        3       1     3       3         0.22839125
        4       9     4       9         0.23870663
       -2
    9   9   9   9   6   0
        3       5     3       5         0.09817471
        3       5     3       3         0.02336296
        3       5     3       1        -0.02144780
        3       3     3       5        -0.02336296
        3       3     3       3        -0.03613311
        3       1     3       5        -0.02144780
        4       9     4       9         1.62753046
       -1
    9   9   9   9   6   2
        3       5     3       5        -0.01733807
        3       5     3       3         0.02635708
        3       5     3       1        -0.01050983
        3       3     3       5        -0.02635708
        3       3     3       3        -0.04232161
        3       1     3       5        -0.01050983
        4       9     4       9         1.02717233
       -2
    9   9   9   9   8   0
        3       5     3       5        -0.01817212
        3       5     3       3         0.07649975
        3       3     3       5        -0.07649975
        4       9     4       9        -0.05492451
       -1
    9   9   9   9   8   2
        3       5     3       5         0.21076117
        3       5     3       3        -0.15184885
        3       3     3       5         0.15184885
        4       9     4       9        -0.02020890
       -2
    9   9   9   9  10   0
        3       5     3       5         0.02897760
        4       9     4       9         1.56487298
       -1
    9   9   9   9  10   2
        3       5     3       5        -0.00656044
        4       9     4       9         0.99667263
       -2
    9   9   9   9  12   0
        4       9     4       9         0.32324350
       -1
    9   9   9   9  12   2
        4       9     4       9         0.20332138
       -2
    9   9   9   9  14   0
        4       9     4       9         1.59311974
       -1
    9   9   9   9  14   2
        4       9     4       9         1.01519966
       -2
    9   9   9   9  16   0
        4       9     4       9         0.10862232
       -1
    9   9   9   9  16   2
        4       9     4       9         0.06606513
       -2
    9   9   9   9  18   0
        4       9     4       9         1.76801002
       -1
    9   9   9   9  18   2
        4       9     4       9         1.12634873
       -2
 