    9   9   9   9   0   0
        0       1     0       1        20.00000000
        1       1     1       1        20.00000000
        1       3     1       3        28.28427125
        2       1     2       1        20.00000000
        2       3     2       3        28.28427125
        2       5     2       5        34.64101615
        3       7     3       7        40.00000000
        3       3     3       3        19.11584282
        3       5     3       5        17.78661728
        3       1     3       1         8.23917580
        4       9     4       9         8.46111012
       -1
    9   9   9   9   0   2
        3       3     3       3         3.41847372
        3       5     3       5         5.99219036
        3       1     3       1         3.05038738
        4       9     4       9         4.67749262
       -2
    9   9   9   9   2   0
        3       3     3       3         0.09094778
        3       3     3       5         0.06801213
        3       3     3       1        -0.04854013
        3       5     3       3        -0.06801210
        3       5     3       5         0.24303086
        3       1     3       3         0.04854013
        3       1     3       1        -0.02313992
        4       9     4       9         2.10354757
       -1
    9   9   9   9   2   2
        3       3     3       3        -0.03417056
        3       3     3       5        -0.01098437
        3       3     3       1         0.00414800
        3       5     3       3         0.01098437
        3       5     3       5        -0.04644802
        3       1     3       3        -0.00414800
        3       1     3       1        -0.00407273
        4       9     4       9         1.29809690
       -2
    9   9   9   9   4   0
        3       3     3       3         0.53287667
        3       3     3       5         0.35658306
        3       3     3       1         0.38035667
        3       5     3       3        -0.35658306
        3       5     3       5         0.70963836
        3       5     3       1         0.49436614
        3       1     3       3        -0.38035667
        3       1     3       5         0.49436614
        4       9     4       9         0.89054769
       -1
    9   9   9   9   4   2
        3       3     3       3        -0.14380670
        3       3     3       5        -0.08455084
        3       3     3       1        -0.08421057
        3       5     3       3         0.08455084
        3       5     3       5         0.00530238
        3       5     3       1        -0.04451313
        3       1     3       3         0.08421057
        3       1     3       5        -0.04451313
        4       9     4       9         0.52120054
       -2
    9   9   9   9   6   0
        3       3     3       3         0.03835385
        3       3     3       5         0.04197333
        3       5     3       3        -0.04197333
        3       5     3       5         0.09495807
        3       5     3       1         0.01767423
        3       1     3       5         0.01767423
        4       9     4       9         1.81932878
       -1
    9   9   9   9   6   2
        3       3     3       3        -0.02507229
        3       3     3       5        -0.02611121
        3       5     3       3         0.02611121
        3       5     3       5        -0.06012185
        3       5     3       1         0.00528790
        3       1     3       5         0.00528790
        4       9     4       9         1.13987041
       -2
    9   9   9   9   8   0
        3       3     3       5         0.06055691
        3       5     3       3        -0.06055691
        3       5     3       5         0.05328438
        4       9     4       9         0.41174924
       -1
    9   9   9   9   8   2
        3       3     3       5         0.08453403
        3       5     3       3        -0.08453403
        3       5     3       5         0.16304618
        4       9     4       9         0.27806196
       -2
    9   9   9   9  10   0
        3       5     3       5         0.01722945
        4       9     4       9         1.76699769
       -1
    9   9   9   9  10   2
        3       5     3       5        -0.00690366
        4       9     4       9         1.12250805
       -2
    9   9   9   9  12   0
        4       9     4       9         0.73444760
       -1
    9   9   9   9  12   2
        4       9     4       9         0.47172034
       -2
    9   9   9   9  14   0
        4       9     4       9         1.79115045
       -1
    9   9   9   9  14   2
        4       9     4       9         1.14148283
       -2
    9   9   9   9  16   0
        4       9     4       9         0.53544348
       -1
    9   9   9   9  16   2
        4       9     4       9         0.33936208
       -2
    9   9   9   9  18   0
        4       9     4       9         1.91252613
       -1
    9   9   9   9  18   2
        4       9     4       9         1.21656322
       -2
