    9   9   9   9   0   0
        0       1     0       1        20.00000000
        1       1     1       1        20.00000000
        1       3     1       3        28.28427125
        2       1     2       1        20.00000000
        2       3     2       3        28.28427125
        2       5     2       5        34.64101615
        3       7     3       7        40.00000000
        4       9     4       9         9.63082504
        3       5     3       5        17.57325935
        3       3     3       3        17.79239464
        3       1     3       1         7.86479092
       -1
    9   9   9   9   0   2
        4       9     4       9         4.79944134
        3       5     3       5         5.11630249
        3       3     3       3         4.73747492
        3       1     3       1         2.42943430
       -2
    9   9   9   9   2   0
        4       9     4       9         2.09932065
        3       5     3       5         0.22966938
        3       5     3       3        -0.00264267
        3       3     3       5         0.00264268
        3       3     3       3         0.12634778
        3       3     3       1         0.01739287
        3       1     3       3        -0.01739287
        3       1     3       1        -0.00171457
       -1
    9   9   9   9   2   2
        4       9     4       9         1.27025950
        3       5     3       5        -0.04152960
        3       5     3       3         0.02329853
        3       3     3       5        -0.02329853
        3       3     3       3        -0.04480528
        3       3     3       1        -0.00310257
        3       1     3       3         0.00310257
        3       1     3       1        -0.00414830
       -2
    9   9   9   9   4   0
        4       9     4       9         0.83810240
        3       5     3       5         0.81507194
        3       5     3       3        -0.18100500
        3       5     3       1         0.46436307
        3       3     3       5         0.18100500
        3       3     3       3         0.44963047
        3       3     3       1         0.43910664
        3       1     3       5         0.46436307
        3       1     3       3        -0.43910664
       -1
    9   9   9   9   4   2
        4       9     4       9         0.43940452
        3       5     3       5         0.04708640
        3       5     3       3         0.04354842
        3       5     3       1        -0.05818368
        3       3     3       5        -0.04354842
        3       3     3       3        -0.19712077
        3       3     3       1        -0.07386868
        3       1     3       5        -0.05818368
        3       1     3       3         0.07386868
       -2
    9   9   9   9   6   0
        4       9     4       9         1.76854229
        3       5     3       5         0.10373927
        3       5     3       3        -0.02087975
        3       5     3       1         0.01597304
        3       3     3       5         0.02087975
        3       3     3       3         0.03720333
        3       1     3       5         0.01597304
       -1
    9   9   9   9   6   2
        4       9     4       9         1.09578931
        3       5     3       5        -0.05083258
        3       5     3       3         0.01622082
        3       5     3       1         0.00249989
        3       3     3       5        -0.01622082
        3       3     3       3        -0.01816606
        3       1     3       5         0.00249989
       -2
    9   9   9   9   8   0
        4       9     4       9         0.13867760
        3       5     3       5         0.02820093
        3       5     3       3        -0.01123384
        3       3     3       5         0.01123384
       -1
    9   9   9   9   8   2
        4       9     4       9         0.13601623
        3       5     3       5         0.16394384
        3       5     3       3        -0.10291468
        3       3     3       5         0.10291468
       -2
    9   9   9   9  10   0
        4       9     4       9         1.71012497
        3       5     3       5         0.02426537
       -1
    9   9   9   9  10   2
        4       9     4       9         1.08617234
        3       5     3       5        -0.01112107
       -2  
    9   9   9   9  12   0
        4       9     4       9         0.69406331
       -1
    9   9   9   9  12   2
        4       9     4       9         0.44573402
       -2
    9   9   9   9  14   0
        4       9     4       9         1.73842001
       -1
    9   9   9   9  14   2
        4       9     4       9         1.10619879
       -2
    9   9   9   9  16   0
        4       9     4       9         0.36817622
       -1
    9   9   9   9  16   2
        4       9     4       9         0.23064993
       -2
    9   9   9   9  18   0
        4       9     4       9         1.87227964
       -1
    9   9   9   9  18   2
        4       9     4       9         1.18547308
       -2
