    0  10   0  10   0   0
        0       1     0       1         6.63324958
        1       1     1       1         6.63324958
        1       3     1       3         9.38083152
        2       1     2       1         6.63324958
        2       3     2       3         9.38083152
        2       5     2       5        11.48912529
        3       7     3       7        13.26649916
        4       9     4       9         3.71559215
        3       5     3       5         6.05829048
        3       3     3       3         5.86729622
        3       1     3       1         2.75042868
       -1
    0  10   0  10   0   2
        4       9     4       9         1.91746426
        3       5     3       5         1.72123063
        3       3     3       3         1.61012936
        3       1     3       1         0.94218338
       -2
