    0  10   0  10   0   0
        0       1     0       1         6.63324958
        1       1     1       1         6.63324958
        1       3     1       3         9.38083152
        2       1     2       1         6.63324958
        2       3     2       3         9.38083152
        2       5     2       5        11.48912529
        3       7     3       7        13.26649916
        3       5     3       5         5.97647000
        3       3     3       3         5.74264000
        3       1     3       1         2.63052000
        4       9     4       9         3.91143000
       -1
    0  10   0  10   0   2
        3       5     3       5         1.48435000
        3       3     3       3         1.41792000
        3       1     3       1         0.92206000
        4       9     4       9         2.23151000
       -2
