    0  12   0  12   0   0
        0       1     0       1         7.21110255
        1       1     1       1         7.21110255
        1       3     1       3        10.19803903
        2       1     2       1         7.21110255
        2       3     2       3        10.19803903
        2       5     2       5        12.48999600
        3       7     3       7        14.42220510
        3       5     3       5         7.01669884
        3       3     3       3         6.45618629
        3       1     3       1         3.28406906
        4       9     4       9         5.13747263
       -1
    0  12   0  12   0   2
        3       5     3       5         1.77737927
        3       3     3       3         1.73347318
        3       1     3       1         1.28310084
        4       9     4       9         2.98632741
       -2
