    3   1   3   1   0   0
        0       1       0       1        5.65685425
        1       1       1       1        5.65685425
        1       3       1       3        8.00000000
        2       1       2       1        1.37291789
        2       3       2       3        0.46288696
        2       5       2       5        2.91188335
       -1
    3   1   3   1   0   2
        2       1       2       1       -0.07383465
        2       3       2       3        0.07615867
        2       5       2       5        0.79694176
       -2
    3   1   3   1   2   0
        2       1       2       1       -0.11441246
        2       3       2       1       -0.00505177
        2       1       2       3        0.00505177
        2       3       2       3        0.07201049
        2       5       2       3       -0.08399380
        2       3       2       5        0.08399380
        2       5       2       5        0.51537192
       -1
    3   1   3   1   2   2
        2       1       2       1       -0.07670661
        2       3       2       1       -0.01880877
        2       1       2       3        0.01880877
        2       3       2       3        0.02233461
        2       5       2       3       -0.09879818
        2       3       2       5        0.09879818
        2       5       2       5        0.34642744
       -2
    3   1   3   1   4   0
        2       3       2       1        0.17751525
        2       5       2       1       -0.61536121
        2       1       2       3       -0.17751525
        2       3       2       3       -0.07888392
        2       5       2       3       -0.17102030
        2       1       2       5       -0.61536121
        2       3       2       5        0.17102030
        2       5       2       5       -0.48990613
       -1
    3   1   3   1   4   2
        2       3       2       1       -0.03081170
        2       5       2       1       -0.07448437
        2       1       2       3        0.03081170
        2       3       2       3       -0.00834291
        2       5       2       3       -0.09511048
        2       1       2       5       -0.07448437
        2       3       2       5        0.09511048
        2       5       2       5        0.01551226
       -2
    3   1   3   1   6   0
        2       5       2       1        0.08685177
        2       3       2       3        0.02785536
        2       5       2       3        0.06980123
        2       1       2       5        0.08685177
        2       3       2       5       -0.06980123
        2       5       2       5       -0.62398499
       -1
    3   1   3   1   6   2
        2       5       2       1        0.04532809
        2       3       2       3        0.04882299
        2       5       2       3        0.10313185
        2       1       2       5        0.04532809
        2       3       2       5       -0.10313185
        2       5       2       5       -0.54274511
       -2
