    0   2   0   2   0   0
        0       1       0       1        3.46410162
        1       1       1       1        3.46410162
        1       3       1       3        4.89897949
        2       1       2       1        0.70374197
        2       3       2       3        0.37499925
        2       5       2       5        2.28751135
       -1
    0   2   0   2   0   2
        2       1       2       1       -0.01635164
        2       3       2       3        0.12175606
        2       5       2       5        0.72652507
       -2
