    0    2    0    2    0    0
        0       1       0       1        3.46410162
        1       1       1       1        3.46410162
        1       3       1       3        4.89897949
        2       1       2       1        0.26050171
        2       3       2       3        0.07340226
        2       5       2       5        0.78966594
       -1
    0    2    0    2    0    2
        2       1       2       1        0.21269877
        2       3       2       3        0.05993270
        2       5       2       5        0.64475954
       -2
