    3   1   3   1   0   0
        0       1       0       1        5.65685425
        1       1       1       1        5.65685425
        1       3       1       3        8.00000000
        2       1       2       1        4.77219391
        2       3       2       3        2.27586269
        2       5       2       5        9.26695442
       -1
    3   1   3   1   0   2
        2       1       2       1        0.17447746
        2       3       2       3        0.74363518
        2       5       2       5        0.10858276
       -2
    3   1   3   1   2   0
        2       1       2       1       -0.01225202
        2       3       2       1       -0.09085993
        2       1       2       3        0.09085993
        2       3       2       3        0.91580713
        2       5       2       3       -0.03746679
        2       3       2       5        0.03746679
        2       5       2       5        0.04707523
       -1
    3   1   3   1   2   2
        2       1       2       1       -0.06090902
        2       3       2       1       -0.08178394
        2       1       2       3        0.08178394
        2       3       2       3        0.77451169
        2       5       2       3       -0.08876817
        2       3       2       5        0.08876817
        2       5       2       5       -0.00993964
       -2
    3   1   3   1   4   0
        2       3       2       1       -0.25122383
        2       5       2       1        0.12573114
        2       1       2       3        0.25122383
        2       3       2       3        0.60239029
        2       5       2       3        0.17838062
        2       1       2       5        0.12573114
        2       3       2       5       -0.17838062
        2       5       2       5        0.11476450
       -1
    3   1   3   1   4   2
        2       3       2       1        0.03592812
        2       5       2       1       -0.01151137
        2       1       2       3       -0.03592812
        2       3       2       3        0.66658050
        2       5       2       3       -0.03851283
        2       1       2       5       -0.01151137
        2       3       2       5        0.03851283
        2       5       2       5       -0.01276743
       -2
    3   1   3   1   6   0
        2       5       2       1       -0.00053322
        2       3       2       3        0.84311765
        2       5       2       3        0.06009270
        2       1       2       5       -0.00053322
        2       3       2       5       -0.06009270
        2       5       2       5        0.00275010
       -1
    3   1   3   1   6   2
        2       5       2       1        0.00881902
        2       3       2       3        0.79115194
        2       5       2       3        0.03367161
        2       1       2       5        0.00881902
        2       3       2       5       -0.03367161
        2       5       2       5       -0.02413115
       -2
