    3   1   3   1   0   0
        0       1       0       1        5.65685425
        1       1       1       1        5.65685425
        1       3       1       3        8.00000000
        2       1       2       1        4.68565369
        2       3       2       3        2.45370531
        2       5       2       5        9.17170238
       -1
    3   1   3   1   0   2
        2       1       2       1        0.18104443
        2       3       2       3        0.71834880
        2       5       2       5        0.12543550
       -2
    3   1   3   1   2   0
        2       1       2       1       -0.01900159
        2       3       2       1       -0.10512393
        2       1       2       3        0.10512393
        2       3       2       3        0.88872588
        2       5       2       3       -0.04087002
        2       3       2       5        0.04087002
        2       5       2       5        0.06269232
       -1
    3   1   3   1   2   2
        2       1       2       1       -0.04852263
        2       3       2       1       -0.07894502
        2       1       2       3        0.07894502
        2       3       2       3        0.75641286
        2       5       2       3       -0.10102493
        2       3       2       5        0.10102493
        2       5       2       5        0.00320502
       -2
    3   1   3   1   4   0
        2       3       2       1       -0.24613772
        2       5       2       1        0.13460234
        2       1       2       3        0.24613772
        2       3       2       3        0.57509869
        2       5       2       3        0.19823302
        2       1       2       5        0.13460234
        2       3       2       5       -0.19823302
        2       5       2       5        0.13404855
       -1
    3   1   3   1   4   2
        2       3       2       1        0.01572007
        2       5       2       1       -0.00591454
        2       1       2       3       -0.01572007
        2       3       2       3        0.63338971
        2       5       2       3       -0.03390517
        2       1       2       5       -0.00591454
        2       3       2       5        0.03390517
        2       5       2       5       -0.01575780
       -2
    3   1   3   1   6   0
        2       5       2       1        0.00278723
        2       3       2       3        0.81942010
        2       5       2       3        0.08259155
        2       1       2       5        0.00278723
        2       3       2       5       -0.08259155
        2       5       2       5        0.00094298
       -1
    3   1   3   1   6   2
        2       5       2       1        0.00722372
        2       3       2       3        0.75655824
        2       5       2       3        0.03246564
        2       1       2       5        0.00722372
        2       3       2       5       -0.03246564
        2       5       2       5       -0.03630762
       -2
