    0   2   0   2   0   0
        0       1       0       1        3.46410162
        1       1       1       1        3.46410162
        1       3       1       3        4.89897949
        2       1       2       1        2.95260048
        2       3       2       3        1.97200179
        2       5       2       5        5.68517685
       -1
    0   2   0   2   0   2
        2       1       2       1        0.06690039
        2       3       2       3        0.87421352
        2       5       2       5        0.06407753
       -2
