    1   1   1   1   0   0
        0       1       0       1        4.00000000
        1       1       1       1        4.00000000
        1       3       1       3        5.65685425
        2       1       2       1        1.67918217
        2       3       2       3        0.85895306
        2       5       2       5        5.83474493
       -1
    1   1   1   1   0   2
        2       1       2       1        0.50655007
        2       3       2       3        0.12430558
        2       5       2       5        0.18339823
       -2
    1   1   1   1   2   0
        2       1       2       1        0.57212096
        2       3       2       1        0.02490901
        2       1       2       3       -0.02490901
        2       3       2       3       -0.08032833
        2       5       2       3        0.19662125
        2       3       2       5       -0.19662124
        2       5       2       5        0.11526206
       -1
    1   1   1   1   2   2
        2       1       2       1        0.55284727
        2       3       2       1        0.01421482
        2       1       2       3       -0.01421482
        2       3       2       3       -0.08754288
        2       5       2       3        0.18562013
        2       3       2       5       -0.18562011
        2       5       2       5        0.11107424
       -2
