    1   1   1   1   0   0
        0       1       0       1        4.00000000
        1       1       1       1        4.00000000
        1       3       1       3        5.65685425
        2       1       2       1        1.66258585
        2       3       2       3        0.89780277
        2       5       2       5        5.81260681
       -1
    1   1   1   1   0   2
        2       1       2       1        0.49752951
        2       3       2       3        0.11921415
        2       5       2       5        0.19276358
       -2
    1   1   1   1   2   0
        2       1       2       1        0.57258141
        2       3       2       1        0.02373845
        2       1       2       3       -0.02373845
        2       3       2       3       -0.08387396
        2       5       2       3        0.17511088
        2       3       2       5       -0.17511089
        2       5       2       5        0.11707938
       -1
    1   1   1   1   2   2
        2       1       2       1        0.56237954
        2       3       2       1        0.00935273
        2       1       2       3       -0.00935273
        2       3       2       3       -0.08360637
        2       5       2       3        0.19017735
        2       3       2       5       -0.19017737
        2       5       2       5        0.10751843
       -2
