    1   1   1   1   0   0
        0       1       0       1        4.00000000
        1       1       1       1        4.00000000
        1       3       1       3        5.65685425
        2       1       2       1        1.68459380
        2       3       2       3        0.77401543
        2       5       2       5        5.90097189
       -1
    1   1   1   1   0   2
        2       1       2       1        0.50450706
        2       3       2       3        0.11417287
        2       5       2       5        0.19285142
       -2
    1   1   1   1   2   0
        2       1       2       1        0.60513115
        2       3       2       1        0.02397927
        2       1       2       3       -0.02397927
        2       3       2       3       -0.08408800
        2       5       2       3        0.17716998
        2       3       2       5       -0.17716999
        2       5       2       5        0.11169191
       -1
    1   1   1   1   2   2
        2       1       2       1        0.58004826
        2       3       2       1        0.00804244
        2       1       2       3       -0.00804244
        2       3       2       3       -0.07685430
        2       5       2       3        0.18533692
        2       3       2       5       -0.18533693
        2       5       2       5        0.10019870
       -2
