    0   2   0   2   0   0
        0       1       0       1        3.46410162
        1       1       1       1        3.46410162
        1       3       1       3        4.89897949
        2       1       2       1        1.57220638
        2       3       2       3        1.06477487
        2       5       2       5        5.22290087
       -1
    0   2   0   2   0   2
        2       1       2       1        0.54521471
        2       3       2       3        0.42278093
        2       5       2       5        0.15651754

       -2
