    0  22   0  22   0   0
        0       1     0       1         9.59166305
        1       1     1       1         9.59166305
        1       3     1       3        13.56465997
        2       1     2       1         9.59166305
        2       3     2       3        13.56465997
        2       5     2       5        16.61324773
        3       1     3       1         9.59166305
        3       3     3       3        13.56465997
        3       5     3       5        16.61324773
        3       7     3       7        19.18332609
        4       9     4       9        21.44761059
        4       7     4       7         9.95931530
        4       5     4       5         8.24959946
        4       3     4       3         4.27171373
        4       1     4       1         3.67451596
        5      11     5      11         7.52108479
       -1
    0  22   0  22   0   2
        4       7     4       7         4.51359272
        4       5     4       5         4.13792515
        4       3     4       3         2.10114360
        4       1     4       1         2.02147388
        5      11     5      11         4.33754444
       -2
