    1  19   1  19   0   0
        0       1     0       1        12.64911064
        1       1     1       1        12.64911064
        1       3     1       3        17.88854382
        2       1     2       1        12.64911064
        2       3     2       3        17.88854382
        2       5     2       5        21.90890230
        3       1     3       1        12.64911064
        3       3     3       3        17.88854382
        3       5     3       5        21.90890230
        3       7     3       7        25.29822128
        4       9     4       9        28.28427125
        4       7     4       7        12.29351807
        4       5     4       5        10.81849003
        4       3     4       3         4.69293833
        4       1     4       1         3.64626741
        5      11     5      11         7.80737925
       -1
    1  19   1  19   0   2
        4       7     4       7         5.81230879
        4       5     4       5         5.27401972
        4       3     4       3         2.06333447
        4       1     4       1         1.83095860
        5      11     5      11         4.47472191
       -2
    1  19   1  19   2   0
        4       7     4       7         0.00205829
        4       7     4       5        -0.00547720
        4       5     4       7         0.00547720
        4       5     4       5         0.11071405
        4       5     4       3         0.18359941
        4       3     4       5        -0.18359943
        4       3     4       3        -0.05253674
        4       3     4       1         0.01405857
        4       1     4       3        -0.01405857
        4       1     4       1         2.72234106
        5      11     5      11        -0.00400836
       -1
    1  19   1  19   2   2
        4       7     4       7        -0.01614642
        4       7     4       5         0.00269925
        4       5     4       7        -0.00269925
        4       5     4       5         0.04740829
        4       5     4       3         0.11826592
        4       3     4       5        -0.11826593
        4       3     4       3        -0.03294196
        4       3     4       1         0.00572128
        4       1     4       3        -0.00572128
        4       1     4       1         1.65760529
        5      11     5      11        -0.00234700
       -2
