    0   2   0   2   0   0
        0       1       0       1        3.46410162
        1       1       1       1        3.46410162
        1       3       1       3        4.89897949
        2       1       2       1        3.46410162
        2       3       2       3        4.89897949
        2       5       2       5        6.00000000 
        3       7       3       7        2.31934428
        3       3       3       3        0.21283042
        3       5       3       5        0.11314949
        3       1       3       1        0.06049569
       -1
    0   2   0   2   0   2
        3       7       3       7        0.64836121
        3       3       3       3        0.00911404
        3       5       3       5        0.05686546
        3       1       3       1        0.00610814
       -2
