    5   3   5   3   0   0
        0       1       0       1        9.79795898 
        1       1       1       1        9.79795898
        1       3       1       3       13.85649647
        2       1       2       1        9.79795898
        2       3       2       3       13.85640647
        2       5       2       5       16.97056275 
        3       7       3       7        7.56413889
        3       3       3       3        0.80219734
        3       5       3       5        0.38859922
        3       1       3       1        0.21059802
       -1
    5   3   5   3   0   2
        3       7       3       7        2.55335546
        3       3       3       3        0.10237165
        3       5       3       5        0.10113393
        3       1       3       1        0.05056959
       -2
    5   3   5   3   2   0
        3       7       3       7        0.90114623
        3       7       3       5        0.04519633
        3       3       3       3        0.00108292
        3       3       3       5        0.01175919
        3       3       3       1       -0.02130481
        3       5       3       7       -0.04519637
        3       5       3       3       -0.01175919
        3       5       3       5        0.01612286
        3       1       3       3        0.02130481
        3       1       3       1        0.00864772
       -1
    5   3   5   3   2   2
        3       7       3       7        0.57713717
        3       7       3       5        0.04027846
        3       3       3       3        0.01236158
        3       3       3       5        0.01879172
        3       3       3       1       -0.01100112
        3       5       3       7       -0.04027848
        3       5       3       3       -0.01879172
        3       5       3       5        0.00412144
        3       1       3       3        0.01100112
        3       1       3       1       -0.00145753
       -2
    5   3   5   3   4   0
        3       7       3       7       -1.57724667
        3       7       3       3       -0.73652083
        3       7       3       5       -0.20284954
        3       3       3       7       -0.73652083
        3       3       3       3       -0.13592036
        3       3       3       5       -0.09533234
        3       3       3       1       -0.10727455
        3       5       3       7        0.20284952
        3       5       3       3        0.09533234
        3       5       3       5       -0.07396331
        3       5       3       1       -0.07332241
        3       1       3       3        0.10727455
        3       1       3       5       -0.07332241
       -1
    5   3   5   3   4   2
        3       7       3       7       -0.39399630
        3       7       3       3       -0.10919681
        3       7       3       5       -0.09236336
        3       3       3       7       -0.10919681
        3       3       3       3        0.01637311
        3       3       3       5       -0.03436439
        3       3       3       1       -0.02382176
        3       5       3       7        0.09236336
        3       5       3       3        0.03436439
        3       5       3       5       -0.01945187
        3       5       3       1       -0.02127973
        3       1       3       3        0.02382176
        3       1       3       5       -0.02127973
       -2
    5   3   5   3   6   0
        3       7       3       7       -0.26661533
        3       7       3       3        0.02752984
        3       7       3       5       -0.07624612
        3       7       3       1        0.00851715
        3       3       3       7        0.02752984
        3       3       3       3       -0.05830053
        3       3       3       5        0.00329978
        3       5       3       7        0.07624612
        3       5       3       3       -0.00329978
        3       5       3       5        0.00149527
        3       5       3       1       -0.00482014
        3       1       3       7       -0.00851715
        3       1       3       5       -0.00482014
       -1
    5   3   5   3   6   2
        3       7       3       7       -0.13493390
        3       7       3       3        0.02169304
        3       7       3       5       -0.04934407
        3       7       3       1        0.00722714
        3       3       3       7        0.02169304
        3       3       3       3       -0.05431693
        3       3       3       5       -0.00294419
        3       5       3       7        0.04934407
        3       5       3       3        0.00294419
        3       5       3       5        0.00336849
        3       5       3       1       -0.00137739
        3       1       3       7       -0.00722714
        3       1       3       5       -0.00137739
       -2
    5   3   5   3   8   0
        3       7       3       7        0.51219624
        3       7       3       3       -0.06294718
        3       7       3       5        0.05100005
        3       7       3       1        0.07135380
        3       3       3       7       -0.06294718
        3       3       3       5        0.02985744
        3       5       3       7       -0.05100005
        3       5       3       3       -0.02985744
        3       5       3       5        0.00187475
        3       1       3       7       -0.07135380
       -1
    5   3   5   3   8   2
        3       7       3       7        0.27184328
        3       7       3       3       -0.10932416
        3       7       3       5        0.00858327
        3       7       3       1        0.01610832
        3       3       3       7       -0.10932416
        3       3       3       5        0.01543338
        3       5       3       7       -0.00858327
        3       5       3       3       -0.01543338
        3       5       3       5       -0.00171327
        3       1       3       7       -0.01610832
       -2
    5   3   5   3  10   0
        3       7       3       7       -0.98930615
        3       7       3       3        0.07142310
        3       7       3       5        0.05232605
        3       3       3       7        0.07142310
        3       5       3       7       -0.05232605
        3       5       3       5        0.00713140
       -1
    5   3   5   3  10   2
        3       7       3       7       -0.74056679
        3       7       3       3        0.05700022
        3       7       3       5        0.04457987
        3       3       3       7        0.05700022
        3       5       3       7       -0.04457987
        3       5       3       5        0.00630880
       -2
