    5   3   5   3   0   0
        0       1       0       1        9.79795898 
        1       1       1       1        9.79795898
        1       3       1       3       13.85649647
        2       1       2       1        9.79795898
        2       3       2       3       13.85640647
        2       5       2       5       16.97056275 
        3       7       3       7        7.74820137
        3       3       3       3        0.77314800
        3       5       3       5        0.23682901
        3       1       3       1        0.14642917
       -1
    5   3   5   3   0   2
        3       7       3       7        2.54032445
        3       3       3       3        0.10986977
        3       5       3       5        0.10766503
        3       1       3       1        0.05471564
       -2
    5   3   5   3   2   0
        3       7       3       7        0.90423828
        3       7       3       5        0.01170545
        3       3       3       3       -0.00550878
        3       3       3       5       -0.00221497
        3       3       3       1       -0.03023877
        3       5       3       7       -0.01170547
        3       5       3       3        0.00221497
        3       5       3       5        0.01430904
        3       1       3       3        0.03023877
        3       1       3       1        0.01189031
       -1
    5   3   5   3   2   2
        3       7       3       7        0.57049978
        3       7       3       5        0.05147706
        3       3       3       3        0.01153879
        3       3       3       5        0.01775681
        3       3       3       1       -0.01020320
        3       5       3       7       -0.05147709
        3       5       3       3       -0.01775681
        3       5       3       5        0.00337647
        3       1       3       3        0.01020320
        3       1       3       1       -0.00257236
       -2
    5   3   5   3   4   0
        3       7       3       7       -1.59510434
        3       7       3       3       -0.75267929
        3       7       3       5       -0.19345579
        3       3       3       7       -0.75267929
        3       3       3       3       -0.11832494
        3       3       3       5       -0.08634891
        3       3       3       1       -0.08824142
        3       5       3       7        0.19345579
        3       5       3       3        0.08634891
        3       5       3       5       -0.03763923
        3       5       3       1       -0.04410360
        3       1       3       3        0.08824142
        3       1       3       5       -0.04410360
       -1
    5   3   5   3   4   2
        3       7       3       7       -0.40015879
        3       7       3       3       -0.12145185
        3       7       3       5       -0.10282411
        3       3       3       7       -0.12145185
        3       3       3       3        0.01945374
        3       3       3       5       -0.03948451
        3       3       3       1       -0.02500741
        3       5       3       7        0.10282411
        3       5       3       3        0.03948451
        3       5       3       5       -0.01777056
        3       5       3       1       -0.02010658
        3       1       3       3        0.02500741
        3       1       3       5       -0.02010658
       -2
    5   3   5   3   6   0
        3       7       3       7       -0.27963319
        3       7       3       3        0.02969978
        3       7       3       5       -0.06384246
        3       7       3       1        0.01652193
        3       3       3       7        0.02969978
        3       3       3       3       -0.05905441
        3       3       3       5        0.00444969
        3       5       3       7        0.06384246
        3       5       3       3       -0.00444969
        3       5       3       5       -0.00023612
        3       5       3       1       -0.00530004
        3       1       3       7       -0.01652193
        3       1       3       5       -0.00530004
       -1
    5   3   5   3   6   2
        3       7       3       7       -0.12386323
        3       7       3       3        0.02362547
        3       7       3       5       -0.04914061
        3       7       3       1        0.00418933
        3       3       3       7        0.02362547
        3       3       3       3       -0.05784079
        3       3       3       5       -0.00282582
        3       5       3       7        0.04914061
        3       5       3       3        0.00282582
        3       5       3       5        0.00240729
        3       5       3       1       -0.00120918
        3       1       3       7       -0.00418933
        3       1       3       5       -0.00120918
       -2
    5   3   5   3   8   0
        3       7       3       7        0.51250136
        3       7       3       3       -0.07072272
        3       7       3       5        0.04617576
        3       7       3       1        0.06974642
        3       3       3       7       -0.07072272
        3       3       3       5        0.02676431
        3       5       3       7       -0.04617576
        3       5       3       3       -0.02676431
        3       5       3       5       -0.00550195
        3       1       3       7       -0.06974642
       -1
    5   3   5   3   8   2
        3       7       3       7        0.29024577
        3       7       3       3       -0.11932309
        3       7       3       5        0.00927584
        3       7       3       1        0.01880178
        3       3       3       7       -0.11932309
        3       3       3       5        0.01715643
        3       5       3       7       -0.00927584
        3       5       3       3       -0.01715643
        3       5       3       5       -0.00465889
        3       1       3       7       -0.01880178
       -2
    5   3   5   3  10   0
        3       7       3       7       -0.96135259
        3       7       3       3        0.07342105
        3       7       3       5        0.04783897
        3       3       3       7        0.07342105
        3       5       3       7       -0.04783897
        3       5       3       5        0.00755508
       -1
    5   3   5   3  10   2
        3       7       3       7       -0.74122143
        3       7       3       3        0.06176598
        3       7       3       5        0.04248178
        3       3       3       7        0.06176598
        3       5       3       7       -0.04248178
        3       5       3       5        0.00647329
       -2
