    0   4   0   4   0   0
        0       1       0       1        4.47213595
        1       1       1       1        4.47213595
        1       3       1       3        6.32455532
        2       1       2       1        4.47213595
        2       3       2       3        6.32455532
        2       5       2       5        7.74596669
        3       1       3       1        0.17378458
        3       3       3       3        0.34040576
        3       5       3       5        0.31301424
        3       7       3       7        3.87346220
       -1
    0   4   0   4   0   2
        3       1       3       1        0.07180239
        3       3       3       3        0.09151935
        3       5       3       5        0.11809089
        3       7       3       7        1.37825370
       -2