    0   4   0   4   0   0
        0       1       0       1        4.47213595
        1       1       1       1        4.47213595
        1       3       1       3        6.32455532
        2       1       2       1        4.47213595
        2       3       2       3        6.32455532
        2       5       2       5        7.74596669
        3       7       3       7        4.01036358
        3       3       3       3        0.30184597
        3       5       3       5        0.23354301
        3       1       3       1        0.09216136
       -1
    0   4   0   4   0   2
        3       7       3       7        1.44333243
        3       3       3       3        0.07910407
        3       5       3       5        0.07626291
        3       1       3       1        0.03165119
       -2
