    7   5   7   5   0   0
        0       1       0       1       13.85640648
        1       1       1       1       13.85640648
        1       3       1       3       19.59591796
        2       1       2       1       13.85640648
        2       3       2       3       19.59591796
        2       5       2       5       24.00000000
        3       1       3       1        0.46917430
        3       3       3       3        0.84211946
        3       5       3       5        0.87382329
        3       7       3       7       14.00164795
       -1
    7   5   7   5   0   2
        3       1       3       1        0.19397056
        3       3       3       3        0.28337663
        3       5       3       5        0.27156702
        3       7       3       7        5.38353252
       -2
    7   5   7   5   2   0
        3       1       3       1       -0.00300099
        3       1       3       3        0.00482857
        3       3       3       1       -0.00482857
        3       3       3       3        0.06381793
        3       3       3       5        0.00298643
        3       5       3       3       -0.00298644
        3       5       3       5        0.00328142
        3       5       3       7       -0.18659012
        3       7       3       5        0.18659009
        3       7       3       7        1.70824099
       -1
    7   5   7   5   2   2
        3       1       3       1       -0.00456595
        3       1       3       3        0.00514149
        3       3       3       1       -0.00514149
        3       3       3       3        0.05052695
        3       3       3       5        0.01046488
        3       5       3       3       -0.01046488
        3       5       3       5       -0.00800136
        3       5       3       7       -0.14200731
        3       7       3       5        0.14200732
        3       7       3       7        1.06304312
       -2
    7   5   7   5   4   0
        3       1       3       3        0.11766243
        3       1       3       5       -0.10500072
        3       3       3       1       -0.11766243
        3       3       3       3       -0.16184066
        3       3       3       5       -0.07454050
        3       3       3       7       -0.66267914
        3       5       3       1       -0.10500072
        3       5       3       3        0.07454050
        3       5       3       5       -0.13422479
        3       5       3       7        0.41104499
        3       7       3       3       -0.66267914
        3       7       3       5       -0.41104501
        3       7       3       7       -2.10877299
       -1
    7   5   7   5   4   2
        3       1       3       3        0.05888693
        3       1       3       5       -0.03505548
        3       3       3       1       -0.05888693
        3       3       3       3       -0.07280324
        3       3       3       5       -0.02716557
        3       3       3       7       -0.13254790
        3       5       3       1       -0.03505548
        3       5       3       3        0.02716557
        3       5       3       5       -0.04453855
        3       5       3       7        0.20379442
        3       7       3       3       -0.13254790
        3       7       3       5       -0.20379442
        3       7       3       7       -0.29436895
       -2
    7   5   7   5   6   0
        3       1       3       5        0.00004712
        3       1       3       7       -0.04152405
        3       3       3       3        0.04106355
        3       3       3       5       -0.00328678
        3       3       3       7       -0.12409599
        3       5       3       1        0.00004712
        3       5       3       3        0.00328678
        3       5       3       5        0.00556828
        3       5       3       7       -0.07307771
        3       7       3       1        0.04152405
        3       7       3       3       -0.12409599
        3       7       3       5        0.07307771
        3       7       3       7        1.36801469
       -1
    7   5   7   5   6   2
        3       1       3       5       -0.00143787
        3       1       3       7       -0.02865105
        3       3       3       3        0.02728761
        3       3       3       5       -0.00039838
        3       3       3       7       -0.10836708
        3       5       3       1       -0.00143787
        3       5       3       3        0.00039838
        3       5       3       5       -0.00043457
        3       5       3       7       -0.03155850
        3       7       3       1        0.02865105
        3       7       3       3       -0.10836708
        3       7       3       5        0.03155850
        3       7       3       7        0.86971420
       -2
    7   5   7   5   8   0
        3       1       3       7        0.03850548
        3       3       3       5       -0.01695385
        3       3       3       7        0.07401618
        3       5       3       3        0.01695385
        3       5       3       5       -0.00986382
        3       5       3       7        0.08940333
        3       7       3       1       -0.03850548
        3       7       3       3        0.07401618
        3       7       3       5       -0.08940333
        3       7       3       7       -1.04007435
       -1
    7   5   7   5   8   2
        3       1       3       7       -0.00656357
        3       3       3       5       -0.01234062
        3       3       3       7        0.05745044
        3       5       3       3        0.01234062
        3       5       3       5       -0.00733621
        3       5       3       7        0.04008153
        3       7       3       1        0.00656357
        3       7       3       3        0.05745044
        3       7       3       5       -0.04008153
        3       7       3       7       -0.77762526
       -2
    7   5   7   5  10   0
        3       3       3       7       -0.16660196
        3       5       3       5       -0.00117862
        3       5       3       7       -0.03910194
        3       7       3       3       -0.16660196
        3       7       3       5        0.03910194
        3       7       3       7        1.14092779
       -1
    7   5   7   5  10   2
        3       3       3       7       -0.11565898
        3       5       3       5       -0.00345969
        3       5       3       7       -0.01522430
        3       7       3       3       -0.11565898
        3       7       3       5        0.01522430
        3       7       3       7        0.76546228
       -2
    7   5   7   5  12   0
        3       5       3       7       -0.03484011
        3       7       3       5        0.03484011
        3       7       3       7       -1.07835376
       -1
    7   5   7   5  12   2
        3       5       3       7       -0.03373881
        3       7       3       5        0.03373881
        3       7       3       7       -0.74606746
       -2
    7   5   7   5  14   0
        3       7       3       7        1.45643377
       -1
    7   5   7   5  14   2
        3       7       3       7        1.00015557
       -2