    0   6   0   6   0   0
        0       1       0       1        5.29150263
        1       1       1       1        5.29150263
        1       3       1       3        7.48331478
        2       1       2       1        5.29150263
        2       3       2       3        7.48331478
        2       5       2       5        9.16515139
        3       7       3       7        6.27574301
        3       3       3       3        0.26846004
        3       5       3       5        0.12949871
        3       1       3       1        0.07331169
       -1
    0   6   0   6   0   2
        3       7       3       7        2.49487185
        3       3       3       3        0.11823872
        3       5       3       5        0.05509693
        3       1       3       1        0.03911376
       -2
