    0  20   0  20   0   0
        0       1     0       1         9.16515139
        1       1     1       1         9.16515139
        1       3     1       3        12.96148140
        2       1     2       1         9.16515139
        2       3     2       3        12.96148140
        2       5     2       5        15.87450787
        3       1     3       1         9.16515139
        3       3     3       3        12.96148140
        3       5     3       5        15.87450787
        3       7     3       7        18.33030278
        4       9     4       9        20.49390153
        4       7     4       7        10.39605000
        4       5     4       5         8.67458000
        4       3     4       3         4.27392000
        4       1     4       1         3.49664000
        5      11     5      11         7.67436000
       -1
    0  20   0  20   0   2
        4       7     4       7         3.62779000
        4       5     4       5         3.40606000
        4       3     4       3         1.74141000
        4       1     4       1         1.66416000
        5      11     5      11         4.27311000
       -2
