    0  28   0  28   0   0
        0       1     0       1        10.77032961
        1       1     1       1        10.77032961
        1       3     1       3        15.23154621
        2       1     2       1        10.77032961
        2       3     2       3        15.23154621
        2       5     2       5        18.65475811
        3       1     3       1        10.77032961
        3       3     3       3        15.23154621
        3       5     3       5        18.65475811
        3       7     3       7        21.54065923
        4       9     4       9        24.08318916
        4       7     4       7        14.42708397
        4       5     4       5        10.54860401
        4       3     4       3         7.80327225
        4       1     4       1         5.45173264
        5      11     5      11        13.60318375
       -1
    0  28   0  28   0   2
        4       7     4       7         4.25118160
        4       5     4       5         4.84436131
        4       3     4       3         4.43924952
        4       1     4       1         3.17847443
        5      11     5      11         7.63670206
       -2
