    3  23   3  23   0   0
        0       1     0       1        19.59591794
        1       1     1       1        19.59591794
        1       3     1       3        27.71281292
        2       1     2       1        19.59591794
        2       3     2       3        27.71281292
        2       5     2       5        33.94112550
        3       1     3       1        19.59591794
        3       3     3       3        27.71281292
        3       5     3       5        33.94112550
        3       7     3       7        39.19183588
        4       9     4       9        43.81780460
        4       7     4       7        24.12404060
        4       5     4       5        18.98262787
        4       3     4       3        10.37679005
        4       1     4       1         8.11396408
        5      11     5      11        19.57650185
       -1
    3  23   3  23   0   2
        4       7     4       7         8.02185059
        4       5     4       5         7.96527433
        4       3     4       3         4.85445118
        4       1     4       1         4.25476217
        5      11     5      11        10.96695423
       -2
    3  23   3  23   2   0
        4       7     4       7         0.15736638
        4       7     4       5         0.03554611
        4       5     4       7        -0.03554611
        4       5     4       5         0.05188633
        4       5     4       3         0.04604378
        4       3     4       5        -0.04604378
        4       3     4       3         2.84900117
        4       3     4       1         0.06931463
        4       1     4       3        -0.06931463
        4       1     4       1        -0.05519836
        5      11     5      11         0.01484504
       -1
    3  23   3  23   2   2
        4       7     4       7         0.01526938
        4       7     4       5         0.03713987
        4       5     4       7        -0.03713987
        4       5     4       5        -0.01139701
        4       5     4       3         0.01155756
        4       3     4       5        -0.01155756
        4       3     4       3         1.71802795
        4       3     4       1         0.03978689
        4       1     4       3        -0.03978689
        4       1     4       1        -0.02513264
        5      11     5      11         0.00769251
       -2
    3  23   3  23   4   0
        4       7     4       7        -0.44681916
        4       7     4       5         0.16525549
        4       7     4       3        -0.28473577
        4       5     4       7        -0.16525549
        4       5     4       5        -0.28395206
        4       5     4       3        -0.09868617
        4       5     4       1        -0.09949428
        4       3     4       7        -0.28473577
        4       3     4       5         0.09868617
        4       3     4       3        -1.35655344
        4       3     4       1         0.12801155
        4       1     4       5        -0.09949428
        4       1     4       3        -0.12801155
        5      11     5      11        -0.77180260
       -1
    3  23   3  23   4   2
        4       7     4       7         0.28120774
        4       7     4       5        -0.08146681
        4       7     4       3         0.16533445
        4       5     4       7         0.08146680
        4       5     4       5         0.19712603
        4       5     4       3         0.07233278
        4       5     4       1         0.13346349
        4       3     4       7         0.16533445
        4       3     4       5        -0.07233278
        4       3     4       3        -0.72368294
        4       3     4       1        -0.00882298
        4       1     4       5         0.13346349
        4       1     4       3         0.00882298
        5      11     5      11        -0.41975012
       -2
    3  23   3  23   6   0
        4       7     4       7         0.06160899
        4       7     4       5         0.04639959
        4       7     4       3         0.05186969
        4       7     4       1        -0.05006828
        4       5     4       7        -0.04639959
        4       5     4       5        -0.02866791
        4       5     4       3        -0.01797284
        4       5     4       1         0.01080710
        4       3     4       7         0.05186969
        4       3     4       5         0.01797284
        4       3     4       3         2.86591530
        4       1     4       7         0.05006828
        4       1     4       5         0.01080710
        5      11     5      11         0.02565050
       -1
    3  23   3  23   6   2
        4       7     4       7         0.01416577
        4       7     4       5         0.02702756
        4       7     4       3         0.03157827
        4       7     4       1        -0.02284911
        4       5     4       7        -0.02702756
        4       5     4       5        -0.02779447
        4       5     4       3        -0.01544369
        4       5     4       1         0.00439682
        4       3     4       7         0.03157827
        4       3     4       5         0.01544369
        4       3     4       3         1.72372317
        4       1     4       7         0.02284911
        4       1     4       5         0.00439682
        5      11     5      11         0.01424821
       -2
