    0  26   0  26   0   0
        0       1     0       1        10.39230485
        1       1     1       1        10.39230485
        1       3     1       3        14.69693846
        2       1     2       1        10.39230485
        2       3     2       3        14.69693846
        2       5     2       5        18.00000000
        3       1     3       1        10.39230485
        3       3     3       3        14.69693846
        3       5     3       5        18.00000000
        3       7     3       7        20.78460969
        4       9     4       9        23.23790008
        4       7     4       7        13.52115917
        4       5     4       5        10.02778053
        4       3     4       3         6.48109770
        4       1     4       1         4.73186398
        5      11     5      11        12.25811481
       -1
    0  26   0  26   0   2
        4       7     4       7         4.10306931
        4       5     4       5         4.47558403
        4       3     4       3         3.53092670
        4       1     4       1         2.70029521
        5      11     5      11         6.86685514
       -2
