
    5   1   5   1   0   0
        0       1       0       1        6.92820323
        1       1       1       1        6.92820323
        1       3       1       3        9.79795897
        2       1       2       1        1.77351630
        2       3       2       3        1.32504404
        2       5       2       5        8.89416695
       -1
    5   1   5   1   0   2
        2       1       2       1        0.31343594
        2       3       2       3        0.17298329
        2       5       2       5        0.67779696
       -2
    5   1   5   1   2   0
        2       1       2       1        0.09645046
        2       1       2       3        0.00838569
        2       3       2       1       -0.00838569
        2       3       2       3        0.07815418
        2       3       2       5       -0.11052503
        2       5       2       3        0.11052504
        2       5       2       5        0.94192177
       -1
    5   1   5   1   2   2
        2       1       2       1       -0.20151888
        2       1       2       3       -0.09895832
        2       3       2       1        0.09895832
        2       3       2       3        0.02732107
        2       3       2       5        0.11134617
        2       5       2       3       -0.11134620
        2       5       2       5       -0.67991680
       -2
    5   1   5   1   4   0
        2       1       2       3       -0.20957835
        2       1       2       5       -0.46298686
        2       3       2       1        0.20957835
        2       3       2       3       -0.19121017
        2       3       2       5        0.45087585
        2       5       2       1       -0.46298686
        2       5       2       3       -0.45087585
        2       5       2       5       -0.69980800
       -1
    5   1   5   1   4   2
        2       1       2       3        0.08305330
        2       1       2       5       -0.07962410
        2       3       2       1       -0.08305330
        2       3       2       3        0.00796204
        2       3       2       5       -0.01652425
        2       5       2       1       -0.07962410
        2       5       2       3        0.01652425
        2       5       2       5        0.60682482
       -2
    5   1   5   1   6   0
        2       1       2       5       -0.14044544
        2       3       2       3       -0.01120447
        2       3       2       5       -0.03579926
        2       5       2       1       -0.14044544
        2       5       2       3        0.03579926
        2       5       2       5        0.63458252
       -1
    5   1   5   1   6   2
        2       1       2       5        0.12741531
        2       3       2       3        0.04135028
        2       3       2       5        0.02251448
        2       5       2       1        0.12741531
        2       5       2       3       -0.02251448
        2       5       2       5       -0.60950565
       -2
    5   1   5   1   8   0
        2       3       2       5        0.02367022
        2       5       2       3       -0.02367022
        2       5       2       5       -0.57960504
       -1
    5   1   5   1   8   2
        2       3       2       5        0.07946673
        2       5       2       3       -0.07946673
        2       5       2       5        0.59643251
       -2
    5   1   5   1  10   0
        2       5       2       5        0.72759306
       -1
    5   1   5   1  10   2
        2       5       2       5       -0.71948129
       -2
