    5   1   5   1   0   0
        0       1       0       1        6.92820323
        1       1       1       1        6.92820323
        1       3       1       3        9.79795897
        2       3       2       3        1.21246099
        2       5       2       5        8.97137451
        2       1       2       1        1.79900277
       -1
    5   1   5   1   0   2
        2       3       2       3        0.17294525
        2       5       2       5        0.66729009
        2       1       2       1        0.33168980
       -2
    5   1   5   1   2   0
        2       3       2       3        0.07875792
        2       3       2       5       -0.11957727
        2       3       2       1       -0.00914944
        2       5       2       3        0.11957728
        2       5       2       5        0.94066679
        2       1       2       3        0.00914944
        2       1       2       1        0.10196798
       -1
    5   1   5   1   2   2
        2       3       2       3        0.04392448
        2       3       2       5        0.13654628
        2       3       2       1        0.09585601
        2       5       2       3       -0.13654631
        2       5       2       5       -0.67445743
        2       1       2       3       -0.09585601
        2       1       2       1       -0.20082957
       -2
    5   1   5   1   4   0
        2       3       2       3       -0.17665069
        2       3       2       5        0.45072293
        2       3       2       1        0.21029748
        2       5       2       3       -0.45072293
        2       5       2       5       -0.70904768
        2       5       2       1       -0.46491820
        2       1       2       3       -0.21029748
        2       1       2       5       -0.46491820
       -1
    5   1   5   1   4   2
        2       3       2       3        0.00541519
        2       3       2       5       -0.00213171
        2       3       2       1       -0.09007338
        2       5       2       3        0.00213171
        2       5       2       5        0.59262294
        2       5       2       1       -0.08429455
        2       1       2       3        0.09007338
        2       1       2       5       -0.08429455
       -2
    5   1   5   1   6   0
        2       3       2       3       -0.01657594
        2       3       2       5       -0.03506497
        2       5       2       3        0.03506497
        2       5       2       5        0.62587440
        2       5       2       1       -0.14546801
        2       1       2       5       -0.14546801
       -1
    5   1   5   1   6   2
        2       3       2       3        0.04724726
        2       3       2       5        0.02717251
        2       5       2       3       -0.02717251
        2       5       2       5       -0.59534413
        2       5       2       1        0.13515615
        2       1       2       5        0.13515615
       -2
    5   1   5   1   8   0
        2       3       2       5        0.04507075
        2       5       2       3       -0.04507075
        2       5       2       5       -0.57446021
       -1
    5   1   5   1   8   2
        2       3       2       5        0.09129389
        2       5       2       3       -0.09129389
        2       5       2       5        0.58505863
       -2
    5   1   5   1  10   0
        2       5       2       5        0.71603578
       -1
    5   1   5   1  10   2
        2       5       2       5       -0.70936435
       -2
