     0    4    0    4    0    0
        0       1       0       1        4.47213595
        1       1       1       1        4.47213595
        1       3       1       3        6.32455532
        2       1       2       1        4.25466728
        2       3       2       3        4.95699644
        2       5       2       5        7.69713593
        3       1       3       1        0.01140205
        3       3       3       3        0.06120003
        3       5       3       5        0.01640001
        3       7       3       7        1.05485547
       -1
    0    4    0    4    0    2
        2       1       2       1        0.15377362
        2       3       2       3        0.96701038
        2       5       2       5        0.03452865
        3       1       3       1        0.00806247
        3       3       3       3        0.04327496
        3       5       3       5        0.01159656
        3       7       3       7        0.74589550
       -2
