    1   1   1   1   0   0
        0       1       0       1        4.00000000
        1       1       1       1        1.55873144
        1       3       1       3        5.26177168
       -1
    1   1   1   1   0   2
        1       1       1       1        0.68091643
        1       3       1       3        0.22562622
       -2
    1   1   1   1   2   0
        1       1       1       1        0.94506425
        1       3       1       1        0.02962198
        1       1       1       3       -0.02962198
        1       3       1       3        0.01737196
       -1
    1   1   1   1   2   2
        1       1       1       1        0.81324571
        1       3       1       1       -0.03090567
        1       1       1       3        0.03090567
        1       3       1       3       -0.09111653
       -2
