    0   2   0   2   0   0
        0       1       0       1        3.46410162
        1       1       1       1        3.46410162
        1       3       1       3        4.89897949
        2       1       2       1        3.46410162
        2       3       2       3        4.89897949
        2       5       2       5        6.00000000
        3       1       3       1        0.01658360
        3       3       3       3        0.03863866
        3       5       3       5        0.03612247
        3       7       3       7        0.79912919
       -1
    0   2   0   2   0   2
        3       1       3       1        0.01354045
        3       3       3       3        0.03154833
        3       5       3       5        0.02949388
        3       7       3       7        0.65248626
       -2
