    0   2   0   2   0   0
        0       1       0       1        3.46410162
        1       1       1       1        3.46410162
        1       3       1       3        4.89897949
        2       1       2       1        3.46410162
        2       3       2       3        4.89897949
        2       5       2       5        6.00000000
        3       1       3       1        0.01532924
        3       3       3       3        0.03819922
        3       5       3       5        0.03698915
        3       7       3       7        0.79931635
       -1
    0   2   0   2   0   2
        3       1       3       1        0.01251627
        3       3       3       3        0.03118953
        3       5       3       5        0.03020152
        3       7       3       7        0.65263897
       -2
