    0   2   0   2   0   0
        0       1       0       1        3.46410162
        1       1       1       1        3.46410162
        1       3       1       3        4.89897949
        2       1       2       1        3.46410162
        2       3       2       3        4.89897949
        2       5       2       5        6.00000000 
        3       1       3       1        0.00456382
        3       3       3       3        0.01905184
        3       5       3       5        0.00948804
        3       7       3       7        0.84205556
       -1
    0   2   0   2   0   2
        3       1       3       1        0.00372635
        3       3       3       3        0.01555576
        3       5       3       5        0.00774695
        3       7       3       7        0.68753546
       -2
