    0   4   0   4   0   0
        0       1       0       1        4.47213595
        1       1       1       1        4.47213595
        1       3       1       3        6.32455532
        2       1       2       1        4.47213595
        2       3       2       3        6.32455532
        2       5       2       5        7.74596669
        3       1       3       1        0.00974145
        3       3       3       3        0.04501894
        3       5       3       5        0.02944727
        3       7       3       7        2.17386127
       -1
    0   4   0   4   0   2
        3       1       3       1        0.00688825
        3       3       3       3        0.03183319
        3       5       3       5        0.02082237
        3       7       3       7        1.53715205
       -2
