    0   4   0   4   0   0
        0       1       0       1        4.47213595
        1       1       1       1        4.47213595
        1       3       1       3        6.32455532
        2       1       2       1        4.47213595
        2       3       2       3        6.32455532
        2       5       2       5        7.74596669
        3       1       3       1        0.04089976
        3       3       3       3        0.07684836
        3       5       3       5        0.09537951
        3       7       3       7        2.07867670
       -1
    0   4   0   4   0   2
        3       1       3       1        0.02892050
        3       3       3       3        0.05433999
        3       5       3       5        0.06744350
        3       7       3       7        1.46984649
       -2
