    0   4   0   4   0   0
        0       1       0       1        4.47213595
        1       1       1       1        4.47213595
        1       3       1       3        6.32455532
        2       1       2       1        4.47213595
        2       3       2       3        6.32455532
        2       5       2       5        7.74596669
        3       1       3       1        0.01434041
        3       3       3       3        0.08527117
        3       5       3       5        0.03715886
        3       7       3       7        2.13642168
       -1
    0   4   0   4   0   2
        3       1       3       1        0.01014020
        3       3       3       3        0.06029582
        3       5       3       5        0.02627528
        3       7       3       7        1.51067841
       -2
