    7  23   7  23   0   0
        0       1     0       1        27.71281292
        1       1     1       1        27.71281292
        1       3     1       3        39.19183588
        2       1     2       1        27.71281292
        2       3     2       3        39.19183588
        2       5     2       5        48.00000000
        3       1     3       1        27.71281292
        3       3     3       3        39.19183588
        3       5     3       5        48.00000000
        3       7     3       7        55.42562584
        4       9     4       9        61.96773354
        4       7     4       7        36.67570114
        4       5     4       5        27.87850571
        4       3     4       3        15.13105297
        4       1     4       1        12.13024330
        5      11     5      11        29.99136162
       -1
    7  23   7  23   0   2
        4       7     4       7         9.80411530
        4       5     4       5        10.58576775
        4       3     4       3         7.43600130
        4       1     4       1         6.38126945
        5      11     5      11        16.76923943
       -2
    7  23   7  23   2   0
        4       7     4       7         3.17322683
        4       7     4       5         0.05379259
        4       5     4       7        -0.05379259
        4       5     4       5         0.10446597
        4       5     4       3        -0.00590949
        4       3     4       5         0.00590952
        4       3     4       3         0.25196999
        4       3     4       1        -0.05134964
        4       1     4       3         0.05134964
        4       1     4       1         0.04163368
        5      11     5      11         0.07151724
       -1
    7  23   7  23   2   2
        4       7     4       7        -1.85164213
        4       7     4       5        -0.04032339
        4       5     4       7         0.04032340
        4       5     4       5        -0.02165825
        4       5     4       3         0.02424677
        4       3     4       5        -0.02424677
        4       3     4       3         0.00126491
        4       3     4       1        -0.02387969
        4       1     4       3         0.02387969
        4       1     4       1         0.02360794
        5      11     5      11         0.03589432
       -2
    7  23   7  23   4   0
        4       7     4       7         0.82507062
        4       7     4       5        -0.09444322
        4       7     4       3         0.15629299
        4       5     4       7         0.09444322
        4       5     4       5         0.13363260
        4       5     4       3         0.05023858
        4       5     4       1         0.12964691
        4       3     4       7         0.15629299
        4       3     4       5        -0.05023858
        4       3     4       3         0.18270536
        4       3     4       1        -0.08045120
        4       1     4       5         0.12964691
        4       1     4       3         0.08045120
        5      11     5      11         0.52353871
       -1
    7  23   7  23   4   2
        4       7     4       7        -0.44316146
        4       7     4       5         0.04425936
        4       7     4       3        -0.00078499
        4       5     4       7        -0.04425936
        4       5     4       5        -0.03053627
        4       5     4       3         0.05461054
        4       5     4       1        -0.01898150
        4       3     4       7        -0.00078499
        4       3     4       5        -0.05461054
        4       3     4       3         0.18435079
        4       3     4       1        -0.06065821
        4       1     4       5        -0.01898150
        4       1     4       3         0.06065821
        5      11     5      11         0.35139257
       -2
    7  23   7  23   6   0
        4       7     4       7         2.77209020
        4       7     4       5         0.03112020
        4       7     4       3        -0.00066394
        4       7     4       1        -0.05980093
        4       5     4       7        -0.03112020
        4       5     4       5        -0.01263142
        4       5     4       3         0.02926571
        4       5     4       1        -0.00947238
        4       3     4       7        -0.00066394
        4       3     4       5        -0.02926571
        4       3     4       3         0.06919245
        4       1     4       7         0.05980093
        4       1     4       5        -0.00947238
        5      11     5      11         0.05904941
       -1
    7  23   7  23   6   2
        4       7     4       7        -1.66836321
        4       7     4       5        -0.01274049
        4       7     4       3        -0.00947740
        4       7     4       1         0.03255579
        4       5     4       7         0.01274049
        4       5     4       5         0.00747608
        4       5     4       3        -0.02024580
        4       5     4       1        -0.00226308
        4       3     4       7        -0.00947740
        4       3     4       5         0.02024580
        4       3     4       3        -0.00587835
        4       1     4       7        -0.03255579
        4       1     4       5        -0.00226308
        5      11     5      11         0.03439142
       -2
    7  23   7  23   8   0
        4       7     4       7         0.73694408
        4       7     4       5         0.00470594
        4       7     4       3        -0.03737032
        4       7     4       1        -0.04084575
        4       5     4       7        -0.00470594
        4       5     4       5        -0.03242634
        4       5     4       3        -0.02199025
        4       3     4       7        -0.03737032
        4       3     4       5         0.02199025
        4       1     4       7         0.04084575
        5      11     5      11         0.22610760
       -1
    7  23   7  23   8   2
        4       7     4       7        -0.40966803
        4       7     4       5        -0.03254607
        4       7     4       3         0.13504125
        4       7     4       1        -0.04968693
        4       5     4       7         0.03254607
        4       5     4       5         0.05183289
        4       5     4       3         0.14963278
        4       3     4       7         0.13504125
        4       3     4       5        -0.14963278
        4       1     4       7         0.04968693
        5      11     5      11         0.18999697
       -2
    7  23   7  23  10   0
        4       7     4       7         2.83973527
        4       7     4       5         0.01967958
        4       7     4       3         0.01486312
        4       5     4       7        -0.01967958
        4       5     4       5        -0.06135438
        4       3     4       7         0.01486312
        5      11     5      11         0.02843362
       -1
    7  23   7  23  10   2
        4       7     4       7        -1.71411490
        4       7     4       5        -0.01019283
        4       7     4       3        -0.00961720
        4       5     4       7         0.01019283
        4       5     4       5         0.03358172
        4       3     4       7        -0.00961720
        5      11     5      11         0.01785919
       -2
    7  23   7  23  12   0
        4       7     4       7         0.66829783
        4       7     4       5         0.03387458
        4       5     4       7        -0.03387458
        5      11     5      11         0.02180431
       -1
    7  23   7  23  12   2
        4       7     4       7        -0.41128603
        4       7     4       5        -0.01157176
        4       5     4       7         0.01157176
        5      11     5      11         0.03410735
       -2
    7  23   7  23  14   0
        4       7     4       7         2.95947433
        5      11     5      11         0.01218375
       -1
    7  23   7  23  14   2
        4       7     4       7        -1.77524257
        5      11     5      11         0.00976103
       -2