    3   5   3   5   0   0
        0       1       0       1        9.79794897
        1       1       1       1        9.79795897
        1       3       1       3       13.85640645
        2       1       2       1        9.79794897
        2       3       2       3       13.85640645
        2       5       2       5       16.97056275
        3       7       3       7       19.59591793
        3       5       3       5        3.37235737
        3       3       3       3        5.85380077
        3       1       3       1        1.72467411
        4       9       4       9        0.58233213
       -1
    3   5   3   5   0   2
        3       5       3       5        2.23551273
        3       3       3       3        2.07447791
        3       1       3       1        0.80543417
        4       9       4       9        0.33782020
       -2
    3   5   3   5   2   0
        3       5       3       5        0.18867433
        3       5       3       3       -0.12123113
        3       3       3       5        0.12123116
        3       3       3       3        1.35222554
        3       3       3       1       -0.22354750
        3       1       3       3        0.22354750
        3       1       3       1       -0.09569421
        4       9       4       9        0.01405927
       -1
    3   5   3   5   2   2
        3       5       3       5        0.12161529
        3       5       3       3       -0.00045243
        3       3       3       5        0.00045243
        3       3       3       3       -0.67067361
        3       3       3       1        0.12916778
        3       1       3       3       -0.12916778
        3       1       3       1        0.09890614
        4       9       4       9       -0.03092132
       -2
    3   5   3   5   4   0
        3       5       3       5        0.57554048
        3       5       3       3       -0.29672837
        3       5       3       1        0.31455928
        3       3       3       5        0.29672837
        3       3       3       3        1.13463426
        3       3       3       1        0.44045398
        3       1       3       5        0.31455928
        3       1       3       3       -0.44045398
        4       9       4       9        0.08694904
       -1
    3   5   3   5   4   2
        3       5       3       5        0.39143661
        3       5       3       3       -0.14919987
        3       5       3       1        0.13686009
        3       3       3       5        0.14919987
        3       3       3       3       -0.49536532
        3       3       3       1        0.17579012
        3       1       3       5        0.13686009
        3       1       3       3       -0.17579012
        4       9       4       9        0.03556144
       -2
    3   5   3   5   6   0
        3       5       3       5       -0.00506266
        3       5       3       3        0.04479950
        3       5       3       1       -0.02098910
        3       3       3       5       -0.04479950
        3       3       3       3        1.16399038
        3       1       3       5       -0.02098910
        4       9       4       9        0.00921830
       -1
    3   5   3   5   6   2
        3       5       3       5        0.02129403
        3       5       3       3       -0.02639592
        3       5       3       1        0.01019590
        3       3       3       5        0.02639592
        3       3       3       3       -0.79778039
        3       1       3       5        0.01019590
        4       9       4       9       -0.00856381
       -2
 