    3   5   3   5   0   0
        0       1       0       1        9.79794897
        1       1       1       1        9.79795897
        1       3       1       3       13.85640645
        2       1       2       1        9.79794897
        2       3       2       3       13.85640645
        2       5       2       5       16.97056275
        3       7       3       7       19.59591793
        4       9       4       9        0.52729654
        3       5       3       5        2.89531660
        3       3       3       3        6.39726734
        3       1       3       1        1.90541840
       -1
    3   5   3   5   0   2
        4       9       4       9        0.30755323
        3       5       3       5        1.91121149
        3       3       3       3        2.40110564
        3       1       3       1        0.97289795
       -2
    3   5   3   5   2   0
        4       9       4       9        0.01410251
        3       5       3       5        0.18159229
        3       5       3       3       -0.09034816
        3       3       3       5        0.09034816
        3       3       3       3        1.37339199
        3       3       3       1       -0.21197955
        3       1       3       3        0.21197955
        3       1       3       1       -0.12128735
       -1
    3   5   3   5   2   2
        4       9       4       9       -0.02132711
        3       5       3       5        0.12529208
        3       5       3       3        0.00122176
        3       3       3       5       -0.00122176
        3       3       3       3       -0.74724424
        3       3       3       1        0.10434645
        3       1       3       3       -0.10434645
        3       1       3       1        0.06343846
       -2
    3   5   3   5   4   0
        4       9       4       9        0.05949165
        3       5       3       5        0.43077683
        3       5       3       3       -0.16513814
        3       5       3       1        0.38342351
        3       3       3       5        0.16513814
        3       3       3       3        1.18030739
        3       3       3       1        0.36643469
        3       1       3       5        0.38342351
        3       1       3       3       -0.36643469
       -1
    3   5   3   5   4   2
        4       9       4       9        0.02519853
        3       5       3       5        0.28752175
        3       5       3       3       -0.07242891
        3       5       3       1        0.20167498
        3       3       3       5        0.07242891
        3       3       3       3       -0.60055614
        3       3       3       1        0.13957204
        3       1       3       5        0.20167498
        3       1       3       3       -0.13957204
       -2
    3   5   3   5   6   0
        4       9       4       9        0.00595247
        3       5       3       5       -0.00839742
        3       5       3       3        0.03739089
        3       5       3       1       -0.01771706
        3       3       3       5       -0.03739089
        3       3       3       3        1.23471332
        3       1       3       5       -0.01771706
       -1
    3   5   3   5   6   2
        4       9       4       9       -0.00869609
        3       5       3       5        0.01201924
        3       5       3       3       -0.01976138
        3       5       3       1        0.00805201
        3       3       3       5        0.01976138
        3       3       3       3       -0.84053940
        3       1       3       5        0.00805201
       -2
