    1   1   1   1   0   0
        0       1       0       1        4.00000000
        1       1       1       1        4.00000000
        1       3       1       3        5.65685425
        2       1       2       1        1.22525930
        2       3       2       3        0.20366116
        2       5       2       5        0.85835832
       -1
    1   1   1   1   0   2
        2       1       2       1        0.36984837
        2       3       2       3        0.04794379
        2       5       2       5        0.32467225
       -2
    1   1   1   1   2   0
        2       1       2       1        0.44514263
        2       3       2       1       -0.01197751
        2       1       2       3        0.01197751
        2       3       2       3       -0.05428837
        2       5       2       3       -0.12172578
        2       3       2       5        0.12172578
        2       5       2       5        0.12280637
       -1
    1   1   1   1   2   2
        2       1       2       1       -0.40780345
        2       3       2       1       -0.01278520
        2       1       2       3        0.01278520
        2       3       2       3        0.01209672
        2       5       2       3        0.10547489
        2       3       2       5       -0.10547489
        2       5       2       5       -0.24110544
       -2
