    1   1   1   1   0   0
        0       1       0       1        4.00000000
        1       1       1       1        4.00000000
        1       3       1       3        5.65685425
        2       1       2       1        1.11497319
        2       3       2       3        0.20664455
        2       5       2       5        0.91959625
       -1
    1   1   1   1   0   2
        2       1       2       1        0.33553562
        2       3       2       3        0.03412084
        2       5       2       5        0.35576916
       -2
    1   1   1   1   2   0
        2       1       2       1        0.40682536
        2       3       2       1       -0.00043671
        2       1       2       3        0.00043671
        2       3       2       3       -0.06010102
        2       5       2       3       -0.13739419
        2       3       2       5        0.13739419
        2       5       2       5        0.13239013
       -1
    1   1   1   1   2   2
        2       1       2       1       -0.37133956
        2       3       2       1       -0.00099273
        2       1       2       3        0.00099273
        2       3       2       3        0.01637858
        2       5       2       3        0.11137894
        2       3       2       5       -0.11137894
        2       5       2       5       -0.25168833
       -2
