   0   2   0   2   0   0
        0       1       0       1        3.46410162
        1       1       1       1        3.46410162
        1       3       1       3        4.89897949
        2       1       2       1        3.46410162
        2       3       2       3        4.89897949
        2       5       2       5        6.00000000 
        3       1       3       1        0.71522790
        3       3       3       3        0.70940828
        3       5       3       5        0.81413364
        3       7       3       7        4.49787617
       -1
    0   2   0   2   0   2
        3       1       3       1        0.27907521
        3       3       3       3        0.07243226
        3       5       3       5        0.22180174
        3       7       3       7        0.32426596
       -2
