    0   4   0   4   0   0
        0       1       0       1        4.47213595
        1       1       1       1        4.47213595
        1       3       1       3        6.32455532
        2       1       2       1        4.47213595
        2       3       2       3        6.32455532
        2       5       2       5        7.74596669
        3       1       3       1        1.15290618
        3       3       3       3        0.93995363
        3       5       3       5        1.29683614
        3       7       3       7        6.58007812
       -1
    0   4   0   4   0   2
        3       1       3       1        0.56328702
        3       3       3       3        0.17760317
        3       5       3       5        0.49070382
        3       7       3       7        0.74894875
       -2
