    0   4   0   4   0   0
        0       1       0       1        4.47213595
        1       1       1       1        4.47213595
        1       3       1       3        6.32455532
        2       1       2       1        4.47213595
        2       3       2       3        6.32455532
        2       5       2       5        7.74596669
        3       7       3       7        7.31093550
        3       3       3       3        1.39206982
        3       5       3       5        0.48798668
        3       1       3       1        0.45276961
       -1
    0   4   0   4   0   2
        3       7       3       7        0.85172135
        3       3       3       3        0.60431105
        3       5       3       5        0.20713183
        3       1       3       1        0.24544705
       -2
