    1   5   1   5   0   0
        0       1       0       1        6.92820322
        1       1       1       1        6.92820322
        1       3       1       3        9.79795897
        2       1       2       1        6.92820322
        2       3       2       3        9.79795897
        2       5       2       5       12.00000000
        3       1       3       1        1.89665198
        3       3       3       3        1.46667564
        3       5       3       5        2.32181215
        3       7       3       7       10.72625923
       -1
    1   5   1   5   0   2
        3       1       3       1        0.97449988
        3       3       3       3        0.30781692
        3       5       3       5        1.00603306
        3       7       3       7        1.38188040
       -2
    1   5   1   5   2   0
        3       1       3       1        0.56508994
        3       1       3       3        0.01269957
        3       3       3       1       -0.01269957
        3       3       3       3       -0.18090282
        3       3       3       5        0.28523701
        3       5       3       3       -0.28523698
        3       5       3       5        0.18679677
        3       5       3       7        0.08609162
        3       7       3       5       -0.08609162
        3       7       3       7        0.06916687
       -1
    1   5   1   5   2   2
        3       1       3       1        0.37963665
        3       1       3       3        0.01236291
        3       3       3       1       -0.01236291
        3       3       3       3       -0.10954180
        3       3       3       5        0.21197107
        3       5       3       3       -0.21197106
        3       5       3       5        0.11740376
        3       5       3       7        0.07454469
        3       7       3       5       -0.07454468
        3       7       3       7        0.01200659
       -2