    0   6   0   6   0   0
        0       1       0       1        5.29150263
        1       1       1       1        5.29150263
        1       3       1       3        7.48331478
        2       1       2       1        5.29150263
        2       3       2       3        7.48331478
        2       5       2       5        9.16515139
        3       7       3       7        8.70020294
        3       3       3       3        2.01049972
        3       5       3       5        1.65042400
        3       1       3       1        0.70946032
       -1
    0   6   0   6   0   2
        3       7       3       7        0.93506932
        3       3       3       3        1.04434788
        3       5       3       5        0.89251727
        3       1       3       1        0.39854866
       -2