    0   6   0   6   0   0
        0       1       0       1        5.29150263
        1       1       1       1        5.29150263
        1       3       1       3        7.48331478
        2       1       2       1        5.29150263
        2       3       2       3        7.48331478
        2       5       2       5        9.16515139
        3       7       3       7        8.65910530
        3       3       3       3        2.38734531
        3       5       3       5        1.39146292
        3       1       3       1        0.70724779
       -1
    0   6   0   6   0   2
        3       7       3       7        1.04293823
        3       3       3       3        1.05254257
        3       5       3       5        0.77733797
        3       1       3       1        0.37071848
       -2