    0   6   0   6   0   0
        0       1     0       1         5.29150262
        1       1     1       1         5.29150262
        1       3     1       3         7.48331477
        2       1     2       1         5.29150262
        2       3     2       3         7.48331477
        2       5     2       5         9.16515139
        3       7     3       7        10.58300524
        3       5     3       5         3.87605953
        3       3     3       3         4.31994581
        3       1     3       1         1.76202178
        4       9     4       9         1.75995517
       -1
    0   6   0   6   0   2
        3       5     3       5         0.89065611
        3       3     3       3         0.90818036
        3       1     3       1         0.46255156
        4       9     4       9         0.89529002
       -2
