    0   6   0   6   0   0
        0       1     0       1         5.29150262
        1       1     1       1         5.29150262
        1       3     1       3         7.48331477
        2       1     2       1         5.29150262
        2       3     2       3         7.48331477
        2       5     2       5         9.16515139
        3       7     3       7        10.58300524
        3       3     3       3         5.15257406
        3       5     3       5         3.78272343
        3       1     3       1         2.06693125
        4       9     4       9         1.16929328
       -1
    0   6   0   6   0   2
        3       3     3       3         0.59596515
        3       5     3       5         1.54767025
        3       1     3       1         0.50914353
        4       9     4       9         0.56299466
       -2
