    0   8   0   8   0   0
        0       1     0       1         6.00000000
        1       1     1       1         6.00000000
        1       3     1       3         8.48528137
        2       1     2       1         6.00000000
        2       3     2       3         8.48528137
        2       5     2       5        10.39230485
        3       7     3       7        12.00000000
        3       3     3       3         5.77327156
        3       5     3       5         4.99581623
        3       1     3       1         2.42031670
        4       9     4       9         2.12964702
       -1
    0   8   0   8   0   2
        3       3     3       3         0.86141664
        3       5     3       5         1.80059707
        3       1     3       1         0.86506921
        4       9     4       9         1.13768697
       -2
