    0  10   0  10   0   0
        0       1     0       1         6.63324958
        1       1     1       1         6.63324958
        1       3     1       3         9.38083152
        2       1     2       1         6.63324958
        2       3     2       3         9.38083152
        2       5     2       5        11.48912529
        3       7     3       7        13.26649916
        3       3     3       3         6.06803274
        3       5     3       5         6.18961906
        3       1     3       1         2.69411445
        4       9     4       9         3.51209354
       -1
    0  10   0  10   0   2
        3       3     3       3         1.26325941
        3       5     3       5         1.85240853
        3       1     3       1         1.05839872
        4       9     4       9         1.98326123
       -2
