    0  12   0  12   0   0
        0       1     0       1         7.21110255
        1       1     1       1         7.21110255
        1       3     1       3        10.19803903
        2       1     2       1         7.21110255
        2       3     2       3        10.19803903
        2       5     2       5        12.48999600
        3       7     3       7        14.42220510
        3       3     3       3         6.54048729
        3       5     3       5         7.37673521
        3       1     3       1         3.06498480
        4       9     4       9         4.90324974
       -1
    0  12   0  12   0   2
        3       3     3       3         1.55729580
        3       5     3       5         2.12370968
        3       1     3       1         1.30185807
        4       9     4       9         2.82109690
       -2
