    0  12   0  12   0   0
        0       1     0       1         7.21110255
        1       1     1       1         7.21110255
        1       3     1       3        10.19803903
        2       1     2       1         7.21110255
        2       3     2       3        10.19803903
        2       5     2       5        12.48999600
        3       7     3       7        14.42220510
        4       9     4       9         4.99169922
        3       5     3       5         7.19646788
        3       3     3       3         6.45742273
        3       1     3       1         3.29691172
       -1
    0  12   0  12   0   2
        4       9     4       9         2.71229744
        3       5     3       5         2.02403593
        3       3     3       3         1.88740158
        3       1     3       1         1.25094068
       -2
