    5  21   5  21   0   0
        0       1     0       1        22.97825059
        1       1     1       1        22.97825059
        1       3     1       3        32.49615362
        2       1     2       1        22.97825059
        2       3     2       3        32.49615362
        2       5     2       5        39.79949748
        3       1     3       1        22.97825059
        3       3     3       3        32.49615362
        3       5     3       5        39.79949748
        3       7     3       7        45.95650117
        4       9     4       9        51.38093031
        4       7     4       7        25.09496880
        4       5     4       5        21.21442986
        4       3     4       3        10.43195438
        4       1     4       1         8.63660908
        5      11     5      11        18.28101921
       -1
    5  21   5  21   0   2
        4       7     4       7         9.86920738
        4       5     4       5         9.00617313
        4       3     4       3         4.74722099
        4       1     4       1         4.62112045
        5      11     5      11        10.70347881
       -2
    5  21   5  21   2   0
        4       7     4       7         0.35374612
        4       7     4       5        -0.24000527
        4       5     4       7         0.24000527
        4       5     4       5         2.26354718
        4       5     4       3        -0.10376526
        4       3     4       5         0.10376528
        4       3     4       3         0.20354111
        4       3     4       1        -0.13752779
        4       1     4       3         0.13752779
        4       1     4       1         0.13980047
        5      11     5      11         0.13035373
       -1
    5  21   5  21   2   2
        4       7     4       7        -0.15322964
        4       7     4       5         0.13360211
        4       5     4       7        -0.13360204
        4       5     4       5        -1.30342901
        4       5     4       3         0.04232652
        4       3     4       5        -0.04232655
        4       3     4       3         0.01492440
        4       3     4       1         0.02803911
        4       1     4       3        -0.02803911
        4       1     4       1        -0.01072721
        5      11     5      11         0.06171975
       -2
    5  21   5  21   4   0
        4       7     4       7         1.49346066
        4       7     4       5        -0.28340837
        4       7     4       3         0.50990409
        4       5     4       7         0.28340837
        4       5     4       5         1.78682435
        4       5     4       3         0.38024810
        4       5     4       1         0.37657040
        4       3     4       7         0.50990409
        4       3     4       5        -0.38024810
        4       3     4       3         0.95076352
        4       3     4       1        -0.54736537
        4       1     4       5         0.37657040
        4       1     4       3         0.54736537
        5      11     5      11         1.15923941
       -1
    5  21   5  21   4   2
        4       7     4       7        -0.58274746
        4       7     4       5         0.10255902
        4       7     4       3         0.18652172
        4       5     4       7        -0.10255902
        4       5     4       5        -0.87647557
        4       5     4       3         0.03591179
        4       5     4       1         0.10830452
        4       3     4       7         0.18652172
        4       3     4       5        -0.03591179
        4       3     4       3         0.38121021
        4       3     4       1        -0.25410432
        4       1     4       5         0.10830452
        4       1     4       3         0.25410432
        5      11     5      11         0.68861848
       -2
    5  21   5  21   6   0
        4       7     4       7        -0.09602223
        4       7     4       5        -0.22310805
        4       7     4       3         0.09139807
        4       7     4       1        -0.07287665
        4       5     4       7         0.22310805
        4       5     4       5         1.70366228
        4       5     4       3        -0.01750278
        4       5     4       1         0.10606615
        4       3     4       7         0.09139807
        4       3     4       5         0.01750278
        4       3     4       3        -0.04578466
        4       1     4       7         0.07287665
        4       1     4       5         0.10606615
        5      11     5      11         0.02700706
       -1
    5  21   5  21   6   2
        4       7     4       7         0.06138921
        4       7     4       5         0.13337696
        4       7     4       3        -0.06254993
        4       7     4       1         0.03740941
        4       5     4       7        -0.13337696
        4       5     4       5        -1.02958608
        4       5     4       3         0.01890223
        4       5     4       1        -0.05862559
        4       3     4       7        -0.06254993
        4       3     4       5        -0.01890223
        4       3     4       3         0.05327859
        4       1     4       7        -0.03740941
        4       1     4       5        -0.05862559
        5      11     5      11         0.01746092
       -2
    5  21   5  21   8   0
        4       7     4       7        -0.22318771
        4       7     4       5         0.07126733
        4       7     4       3        -0.06906902
        4       7     4       1         0.04766811
        4       5     4       7        -0.07126733
        4       5     4       5         1.32472324
        4       5     4       3        -0.01681481
        4       3     4       7        -0.06906902
        4       3     4       5         0.01681481
        4       1     4       7        -0.04766811
        5      11     5      11        -0.02067285
       -1
    5  21   5  21   8   2
        4       7     4       7         0.15157735
        4       7     4       5        -0.04363272
        4       7     4       3         0.07756952
        4       7     4       1        -0.06502344
        4       5     4       7         0.04363272
        4       5     4       5        -0.80306286
        4       5     4       3         0.06779855
        4       3     4       7         0.07756952
        4       3     4       5        -0.06779855
        4       1     4       7         0.06502344
        5      11     5      11        -0.00128800
       -2
    5  21   5  21  10   0
        4       7     4       7        -0.38324094
        4       7     4       5         0.30270821
        4       7     4       3        -0.06466846
        4       5     4       7        -0.30270821
        4       5     4       5         2.04835749
        4       3     4       7        -0.06466846
        5      11     5      11         0.00628894
       -1
    5  21   5  21  10   2
        4       7     4       7         0.23031366
        4       7     4       5        -0.17933477
        4       7     4       3         0.04095917
        4       5     4       7         0.17933477
        4       5     4       5        -1.23878503
        4       3     4       7         0.04095917
        5      11     5      11        -0.00198666
       -2
