    3   1   3   1   0   0
        0       1       0       1        5.65685425
        1       1       1       1        5.65685425
        1       3       1       3        8.00000000
        2       1       2       1        1.25527537
        2       3       2       3        0.70967036
        2       5       2       5        4.41129541
       -1
    3   1   3   1   0   2
        2       1       2       1       -0.01581632
        2       3       2       3        0.20196383
        2       5       2       5        0.66072166
       -2
    3   1   3   1   2   0
        2       1       2       1       -0.09912787
        2       3       2       1       -0.02204601
        2       1       2       3        0.02204601
        2       3       2       3        0.10263482
        2       5       2       3       -0.03910676
        2       3       2       5        0.03910676
        2       5       2       5        0.49641550
       -1
    3   1   3   1   2   2
        2       1       2       1        0.10794442
        2       3       2       1        0.07772130
        2       1       2       3       -0.07772130
        2       3       2       3       -0.02887509
        2       5       2       3        0.07831790
        2       3       2       5       -0.07831790
        2       5       2       5       -0.29607487
       -2
    3   1   3   1   4   0
        2       3       2       1        0.15526289
        2       5       2       1       -0.58317214
        2       1       2       3       -0.15526289
        2       3       2       3       -0.00679262
        2       5       2       3       -0.27245787
        2       1       2       5       -0.58317214
        2       3       2       5        0.27245787
        2       5       2       5       -0.54344642
       -1
    3   1   3   1   4   2
        2       3       2       1        0.05252694
        2       5       2       1        0.09559677
        2       1       2       3       -0.05252694
        2       3       2       3        0.01219861
        2       5       2       3       -0.07176717
        2       1       2       5        0.09559677
        2       3       2       5        0.07176717
        2       5       2       5       -0.11089960
       -2
    3   1   3   1   6   0
        2       5       2       1        0.03867203
        2       3       2       3        0.06284825
        2       5       2       3        0.03949134
        2       1       2       5        0.03867203
        2       3       2       5       -0.03949134
        2       5       2       5       -0.53054887
       -1
    3   1   3   1   6   2
        2       5       2       1       -0.05910767
        2       3       2       3       -0.08674811
        2       5       2       3       -0.07793437
        2       1       2       5       -0.05910767
        2       3       2       5        0.07793437
        2       5       2       5        0.53443009
       -2
