    3   1   3   1   0   0
        0       1       0       1        5.65685425
        1       1       1       1        5.65685425
        1       3       1       3        8.00000000
        2       1       2       1        1.25499785
        2       3       2       3        0.74759835
        2       5       2       5        4.38049173
       -1
    3   1   3   1   0   2
        2       1       2       1       -0.01857979
        2       3       2       3        0.20204036
        2       5       2       5        0.66225821
       -2
    3   1   3   1   2   0
        2       1       2       1       -0.08953142
        2       3       2       1       -0.02588555
        2       1       2       3        0.02588555
        2       3       2       3        0.09346022
        2       5       2       3       -0.03564290
        2       3       2       5        0.03564290
        2       5       2       5        0.49970278
       -1
    3   1   3   1   2   2
        2       1       2       1        0.11168472
        2       3       2       1        0.07737771
        2       1       2       3       -0.07737771
        2       3       2       3       -0.01834734
        2       5       2       3        0.08630120
        2       3       2       5       -0.08630120
        2       5       2       5       -0.29043263
       -2
    3   1   3   1   4   0
        2       3       2       1        0.16191721
        2       5       2       1       -0.57362401
        2       1       2       3       -0.16191721
        2       3       2       3       -0.03122764
        2       5       2       3       -0.27868560
        2       1       2       5       -0.57362401
        2       3       2       5        0.27868560
        2       5       2       5       -0.56418192
       -1
    3   1   3   1   4   2
        2       3       2       1        0.04882316
        2       5       2       1        0.09336525
        2       1       2       3       -0.04882316
        2       3       2       3        0.00914253
        2       5       2       3       -0.06867088
        2       1       2       5        0.09336525
        2       3       2       5        0.06867088
        2       5       2       5       -0.11989417
       -2
    3   1   3   1   6   0
        2       5       2       1        0.03498687
        2       3       2       3        0.05717815
        2       5       2       3        0.04202600
        2       1       2       5        0.03498687
        2       3       2       5       -0.04202600
        2       5       2       5       -0.51547253
       -1
    3   1   3   1   6   2
        2       5       2       1       -0.05891134
        2       3       2       3       -0.07925837
        2       5       2       3       -0.08086101
        2       1       2       5       -0.05891134
        2       3       2       5        0.08086101
        2       5       2       5        0.53519028
       -2
