    3   1   3   1   0   0
        0       1       0       1        5.65685425
        1       1       1       1        5.65685425
        1       3       1       3        8.00000000
        2       1       2       1        1.28995919
        2       3       2       3        0.77147257
        2       5       2       5        4.34081268
       -1
    3   1   3   1   0   2
        2       1       2       1       -0.03642363
        2       3       2       3        0.20403276
        2       5       2       5        0.67093432
       -2
    3   1   3   1   2   0
        2       1       2       1       -0.10755344
        2       3       2       1       -0.01719364
        2       1       2       3        0.01719364
        2       3       2       3        0.10144247
        2       5       2       3       -0.05776590
        2       3       2       5        0.05776590
        2       5       2       5        0.49848050
       -1
    3   1   3   1   2   2
        2       1       2       1        0.09694497
        2       3       2       1        0.07247233
        2       1       2       3       -0.07247233
        2       3       2       3       -0.03084151
        2       5       2       3        0.09942103
        2       3       2       5       -0.09942103
        2       5       2       5       -0.29170880
       -2
    3   1   3   1   4   0
        2       3       2       1        0.16361533
        2       5       2       1       -0.58656853
        2       1       2       3       -0.16361533
        2       3       2       3       -0.03148516
        2       5       2       3       -0.28913045
        2       1       2       5       -0.58656853
        2       3       2       5        0.28913045
        2       5       2       5       -0.54945761
       -1
    3   1   3   1   4   2
        2       3       2       1        0.04620963
        2       5       2       1        0.09889569
        2       1       2       3       -0.04620963
        2       3       2       3        0.01495203
        2       5       2       3       -0.07316027
        2       1       2       5        0.09889569
        2       3       2       5        0.07316027
        2       5       2       5       -0.11660880
       -2
    3   1   3   1   6   0
        2       5       2       1        0.04292311
        2       3       2       3        0.05946851
        2       5       2       3        0.05586101
        2       1       2       5        0.04292311
        2       3       2       5       -0.05586101
        2       5       2       5       -0.52680111
       -1
    3   1   3   1   6   2
        2       5       2       1       -0.05706788
        2       3       2       3       -0.08533941
        2       5       2       3       -0.08156269
        2       1       2       5       -0.05706788
        2       3       2       5        0.08156269
        2       5       2       5        0.53827477
       -2
