    3   1   3   1   0   0
        0       1       0       1        5.65685425
        1       1       1       1        5.65685425
        1       3       1       3        8.00000000
        2       1       2       1        1.41079974
        2       3       2       3        0.50664508
        2       5       2       5        2.85428429
       -1
    3   1   3   1   0   2
        2       1       2       1       -0.07899588
        2       3       2       3        0.06150968
        2       5       2       5        0.81188214
       -2
    3   1   3   1   2   0
        2       1       2       1       -0.12467702
        2       3       2       1       -0.00874715
        2       1       2       3        0.00874715
        2       3       2       3        0.07763474
        2       5       2       3       -0.08119568
        2       3       2       5        0.08119568
        2       5       2       5        0.51409829
       -1
    3   1   3   1   2   2
        2       1       2       1       -0.06900979
        2       3       2       1       -0.00912215
        2       1       2       3        0.00912215
        2       3       2       3        0.02555450
        2       5       2       3       -0.10030288
        2       3       2       5        0.10030288
        2       5       2       5        0.35865471
       -2
    3   1   3   1   4   0
        2       3       2       1        0.18798088
        2       5       2       1       -0.61875945
        2       1       2       3       -0.18798088
        2       3       2       3       -0.08897178
        2       5       2       3       -0.17882727
        2       1       2       5       -0.61875945
        2       3       2       5        0.17882727
        2       5       2       5       -0.46305007
       -1
    3   1   3   1   4   2
        2       3       2       1       -0.03223715
        2       5       2       1       -0.08069694
        2       1       2       3        0.03223715
        2       3       2       3       -0.00199322
        2       5       2       3       -0.08913215
        2       1       2       5       -0.08069694
        2       3       2       5        0.08913215
        2       5       2       5       -0.00030529
       -2
    3   1   3   1   6   0
        2       5       2       1        0.08213184
        2       3       2       3        0.02613716
        2       5       2       3        0.06867112
        2       1       2       5        0.08213184
        2       3       2       5       -0.06867112
        2       5       2       5       -0.62698483
       -1
    3   1   3   1   6   2
        2       5       2       1        0.05082020
        2       3       2       3        0.04523962
        2       5       2       3        0.10195716
        2       1       2       5        0.05082020
        2       3       2       5       -0.10195716
        2       5       2       5       -0.54741311
       -2
