    3   1   3   1   0   0
        0       1       0       1        5.65685425
        1       1       1       1        5.65685425
        1       3       1       3        8.00000000
        2       1       2       1        1.33454347
        2       3       2       3        0.50544006
        2       5       2       5        2.89929557
       -1
    3   1   3   1   0   2
        2       1       2       1       -0.06856307
        2       3       2       3        0.06384559
        2       5       2       5        0.80395180
       -2
    3   1   3   1   2   0
        2       1       2       1       -0.10260386
        2       3       2       1       -0.01019397
        2       1       2       3        0.01019397
        2       3       2       3        0.07493614
        2       5       2       3       -0.07156966
        2       3       2       5        0.07156966
        2       5       2       5        0.51181197
       -1
    3   1   3   1   2   2
        2       1       2       1       -0.07520397
        2       3       2       1       -0.01855553
        2       1       2       3        0.01855553
        2       3       2       3        0.02355234
        2       5       2       3       -0.09803570
        2       3       2       5        0.09803570
        2       5       2       5        0.34530851
       -2
    3   1   3   1   4   0
        2       3       2       1        0.18709469
        2       5       2       1       -0.60234761
        2       1       2       3       -0.18709469
        2       3       2       3       -0.08580972
        2       5       2       3       -0.17533773
        2       1       2       5       -0.60234761
        2       3       2       5        0.17533773
        2       5       2       5       -0.48669258
       -1
    3   1   3   1   4   2
        2       3       2       1       -0.03202520
        2       5       2       1       -0.07453410
        2       1       2       3        0.03202520
        2       3       2       3       -0.00242369
        2       5       2       3       -0.09107643
        2       1       2       5       -0.07453410
        2       3       2       5        0.09107643
        2       5       2       5        0.01588037
       -2
    3   1   3   1   6   0
        2       5       2       1        0.07794254
        2       3       2       3        0.02909370
        2       5       2       3        0.06162018
        2       1       2       5        0.07794254
        2       3       2       5       -0.06162018
        2       5       2       5       -0.61366528
       -1
    3   1   3   1   6   2
        2       5       2       1        0.04751648
        2       3       2       3        0.05031685
        2       5       2       3        0.10218081
        2       1       2       5        0.04751648
        2       3       2       5       -0.10218081
        2       5       2       5       -0.54910505
       -2
