    0   2   0   2   0   0
        0       1       0       1        3.46410162
        1       1       1       1        3.46410162
        1       3       1       3        4.89897949
        2       1       2       1        0.66610920
        2       3       2       3        0.36895955
        2       5       2       5        2.31416845
       -1
    0   2   0   2   0   2
        2       1       2       1       -0.00787848
        2       3       2       3        0.12455259
        2       5       2       5        0.71934843
       -2
