    0   2   0   2   0   0
        0       1       0       1        3.46410162
        1       1       1       1        3.46410162
        1       3       1       3        4.89897949
        2       1       2       1        0.67478997
        2       3       2       3        0.34409857
        2       5       2       5        2.32945466
       -1
    0   2   0   2   0   2
        2       1       2       1        0.00069814
        2       3       2       3        0.13202043
        2       5       2       5        0.70829922
       -2

