    0    0    0    0    0    0
        0       1       0       1        1.99809849
        2       1       0       1       -0.02898731
        4       1       0       1        0.00046548
        1       1       1       1        1.63080895
        3       1       1       1        0.03150970
        5       1       1       1       -0.00039226
        1       3       1       3        2.58759642
        3       3       1       3        0.04609047
        5       3       1       3       -0.00047358
        0       1       2       1       -0.02898731
        2       1       2       1        0.06916597
        4       1       2       1       -0.00043423
        2       3       2       3        0.15580750
        4       3       2       3       -0.00048437
        2       5       2       5        0.23992798
        4       5       2       5       -0.00070747
        1       1       3       1        0.03150970
        3       1       3       1        0.00083557
        5       1       3       1       -0.00000893
        1       3       3       3        0.04609047
        3       3       3       3        0.00122205
        5       3       3       3       -0.00001065
        3       5       3       5        0.00020294
        3       7       3       7        0.00023486
        5       7       3       7        0.00000000
        0       1       4       1        0.00046548
        2       1       4       1       -0.00043423
        4       1       4       1        0.00000504
        2       3       4       3       -0.00048437
        4       3       4       3        0.00000300
        2       5       4       5       -0.00070747
        4       5       4       5        0.00000369
        4       7       4       7        0.00000057
        4       9       4       9        0.00000046
        1       1       5       1       -0.00039226
        3       1       5       1       -0.00000893
        5       1       5       1        0.00000018
        1       3       5       3       -0.00047358
        3       3       5       3       -0.00001065
        5       3       5       3        0.00000019
        3       7       5       7        0.00000000
        5       7       5       7        0.00000000
       -2
