    0    2    0    2    0    0
        0       1       0       1        3.46410162
        1       1       1       1        3.46410162
        1       3       1       3        4.89897949
        2       1       2       1        0.30284706
        2       3       2       3        0.06008490
        2       5       2       5        0.77609146
       -1
    0    2    0    2    0    2
        2       1       2       1        0.24727359
        2       3       2       3        0.04905911
        2       5       2       5        0.63367593
       -2
