    0    2    0    2    0    0
        0       1       0       1        3.46410162
        1       1       1       1        3.46410162
        1       3       1       3        4.89897949
        2       1       2       1        0.19944806
        2       3       2       3        0.07695474
        2       5       2       5        0.82201540
       -1
    0    2    0    2    0    2
        2       1       2       1        0.16284868
        2       3       2       3        0.06283329
        2       5       2       5        0.67117274
       -2
