     0    2    0    2    0    0
        0       1       0       1        3.46362448
        2       1       0       1       -0.02546199
        1       1       1       1        3.14056373
        3       1       1       1        0.04094732
        1       3       1       3        4.71477365
        3       3       1       3        0.05384964
        0       1       2       1       -0.02546199
        2       1       2       1        0.18567362
        4       1       2       1       -0.00115597
        2       3       2       3        0.23633806
        4       3       2       3       -0.00075306
        2       5       2       5        1.03440607
        4       5       2       5       -0.00647979
        1       1       3       1        0.04094732
        3       1       3       1        0.00107986
        1       3       3       3        0.05384964
        3       3       3       3        0.00152193
        3       5       3       5        0.00022703
        3       7       3       7        0.00053873
        2       1       4       1       -0.00115597
        4       1       4       1        0.00001422
        2       3       4       3       -0.00075306
        4       3       4       3        0.00000838
        2       5       4       5       -0.00647979
        4       5       4       5        0.00007634
        4       7       4       7        0.00000000
        4       9       4       9        0.00000000
       -1
    0    2    0    2    0    2
        0       1       0       1        0.00003891
        2       1       0       1       -0.00230089
        1       1       1       1        0.00210665
        3       1       1       1        0.00845395
        1       3       1       3        0.00947791
        3       3       1       3        0.00184083
        0       1       2       1       -0.00230089
        2       1       2       1        0.11575341
        4       1       2       1       -0.00094385
        2       3       2       3        0.08581444
        4       3       2       3       -0.00061487
        2       5       2       5        0.66937554
        4       5       2       5       -0.00529072
        1       1       3       1        0.00845395
        3       1       3       1        0.00051006
        1       3       3       3        0.00184083
        3       3       3       3        0.00051686
        3       5       3       5        0.00006752
        3       7       3       7        0.00032861
        2       1       4       1       -0.00094385
        4       1       4       1        0.00001161
        2       3       4       3       -0.00061487
        4       3       4       3        0.00000685
        2       5       4       5       -0.00529072
        4       5       4       5        0.00006234
        4       7       4       7        0.00000000
        4       9       4       9        0.00000000
       -2
