
    3   1   3   1   0   0
        0       1       0       1        5.65685425
        1       1       1       1        5.65685425
        1       3       1       3        8.00000000
        2       1       2       1        4.72610426
        2       3       2       3        2.44262505
        2       5       2       5        9.15741825
       -1
    3   1   3   1   0   2
        2       1       2       1        0.17985854
        2       3       2       3        0.70104468
        2       5       2       5        0.14025503
       -2
    3   1   3   1   2   0
        2       1       2       1       -0.01197991
        2       3       2       1       -0.07376682
        2       1       2       3        0.07376682
        2       3       2       3        0.89436668
        2       5       2       3       -0.02989836
        2       3       2       5        0.02989836
        2       5       2       5        0.05848823
       -1
    3   1   3   1   2   2
        2       1       2       1       -0.07464487
        2       3       2       1       -0.09211465
        2       1       2       3        0.09211465
        2       3       2       3        0.72640455
        2       5       2       3       -0.11256162
        2       3       2       5        0.11256162
        2       5       2       5       -0.00995576
       -2
    3   1   3   1   4   0
        2       3       2       1       -0.28473806
        2       5       2       1        0.15448815
        2       1       2       3        0.28473806
        2       3       2       3        0.54595333
        2       5       2       3        0.21908318
        2       1       2       5        0.15448815
        2       3       2       5       -0.21908318
        2       5       2       5        0.13304250
       -1
    3   1   3   1   4   2
        2       3       2       1        0.05521513
        2       5       2       1       -0.01172225
        2       1       2       3       -0.05521513
        2       3       2       3        0.61815238
        2       5       2       3       -0.05582312
        2       1       2       5       -0.01172225
        2       3       2       5        0.05582312
        2       5       2       5       -0.01855849
       -2
    3   1   3   1   6   0
        2       5       2       1        0.00252907
        2       3       2       3        0.80123377
        2       5       2       3        0.06584855
        2       1       2       5        0.00252907
        2       3       2       5       -0.06584855
        2       5       2       5       -0.00307146
       -1
    3   1   3   1   6   2
        2       5       2       1        0.00890580
        2       3       2       3        0.75850695
        2       5       2       3        0.03831386
        2       1       2       5        0.00890580
        2       3       2       5       -0.03831386
        2       5       2       5       -0.03154982
       -2
