    0   2   0   2   0   0
        0       1       0       1        3.46410162
        1       1       1       1        3.46410162
        1       3       1       3        4.89897949
        2       1       2       1        2.98585868
        2       3       2       3        1.90164900
        2       5       2       5        5.72341585
       -1
    0   2   0   2   0   2
        2       1       2       1        0.08180533
        2       3       2       3        0.88301969
        2       5       2       5        0.04828227
       -2
