    0   2   0   2   0   0
        0       1       0       1        3.46410162
        1       1       1       1        3.46410162
        1       3       1       3        4.89897949
        2       1       2       1        2.96963525
        2       3       2       3        1.98467779
        2       5       2       5        5.66500473
       -1
    0   2   0   2   0   2
        2       1       2       1        0.09576836
        2       3       2       3        0.85123682
        2       5       2       5        0.06617440
       -2
