    0   2   0   2   0   0
        0       1       0       1        3.46410162
        1       1       1       1        3.46410162
        1       3       1       3        4.89897949
        2       1       2       1        1.64561200
        2       3       2       3        0.93120575
        2       5       2       5        5.28957939
       -1
    0   2   0   2   0   2
        2       1       2       1        0.58928740
        2       3       2       3        0.38673151
        2       5       2       5        0.16050641
       -2
