    0    2    0    2    0    0
        0       1       0       1        3.46410162
        1       1       1       1        3.46410162
        1       3       1       3        4.89897949
        2       1       2       1        1.63876176
        2       3       2       3        1.00122249
        2       5       2       5        5.23636627
       -1
    0    2    0    2    0    2
        2       1       2       1        0.59205598
        2       3       2       3        0.38938665
        2       5       2       5        0.15674008
       -2
