    0  18   0  18   0  0
        0       1     0       1         8.71779789
        1       1     1       1         8.71779789
        1       3     1       3        12.32882801
        2       1     2       1         8.71779789
        2       3     2       3        12.32882801
        2       5     2       5        15.09966887
        3       1     3       1         8.71779789
        3       3     3       3        12.32882801
        3       5     3       5        15.09966888
        3       7     3       7        17.43559577
        4       9     4       9        19.49358869
        4       7     4       7         8.09220886
        4       5     4       5         7.31804228
        4       3     4       3         3.12453246
        4       1     4       1         2.75279427
        5      11     5      11         4.86497116
       -1
    0  18   0  18   0   2
        4       7     4       7         3.88993335
        4       5     4       5         3.46064615
        4       3     4       3         1.37909389
        4       1     4       1         1.38719261
        5      11     5      11         2.76109743
       -2