    0  20   0  20   0  0
        0       1     0       1         9.16515139
        1       1     1       1         9.16515139
        1       3     1       3        12.96148140
        2       1     2       1         9.16515139
        2       3     2       3        12.96148140
        2       5     2       5        15.87450787
        3       1     3       1         9.16515139
        3       3     3       3        12.96148140
        3       5     3       5        15.87450787
        3       7     3       7        18.33030278
        4       9     4       9        20.49390153
        4       7     4       7         9.03475571
        4       5     4       5         7.80275011
        4       3     4       3         3.68524909
        4       1     4       1         3.22671008
        5      11     5      11         6.11074114
       -1
    0  20   0  20   0   2
        4       7     4       7         4.22514915
        4       5     4       5         3.79823184
        4       3     4       3         1.71842837
        4       1     4       1         1.70926845
        5      11     5      11         3.50291848
       -2