    0  24   0  24   0   0
        0       1     0       1        10.00000000
        1       1     1       1        10.00000000
        1       3     1       3        14.14213562
        2       1     2       1        10.00000000
        2       3     2       3        14.14213562
        2       5     2       5        17.32050808
        3       1     3       1        10.00000000
        3       3     3       3        14.14213562
        3       5     3       5        17.32050808
        3       7     3       7        20.00000000
        4       9     4       9        22.36067977
        4       7     4       7        10.84901810
        4       5     4       5         8.67369461
        4       3     4       3         4.90544939
        4       1     4       1         4.08655787
        5      11     5      11         9.08547401
       -1
    0  24   0  24   0   2
        4       7     4       7         4.75388479
        4       5     4       5         4.47457600
        4       3     4       3         2.54867268
        4       1     4       1         2.31629968
        5      11     5      11         5.25696468
       -2
