    1  21   1  21   0   0
        0       1     0       1        13.26649916
        1       1     1       1        13.26649916
        1       3     1       3        18.76166304
        2       1     2       1        13.26649916
        2       3     2       3        18.76166304
        2       5     2       5        22.97825059
        3       1     3       1        13.26649916
        3       3     3       3        18.76166304
        3       5     3       5        22.97825059
        3       7     3       7        26.53299832
        4       9     4       9        29.66479395
        4       7     4       7        13.67432117
        4       5     4       5        11.41828060
        4       3     4       3         5.50612545
        4       1     4       1         3.77580190
        5      11     5      11         9.89075184
       -1
    1  21   1  21   0   2
        4       7     4       7         6.25012636
        4       5     4       5         5.76029348
        4       3     4       3         2.57456899
        4       1     4       1         1.96997190
        5      11     5      11         5.71339893
       -2
    1  21   1  21   2   0
        4       7     4       7         0.00931630
        4       7     4       5        -0.00699861
        4       5     4       7         0.00699861
        4       5     4       5         0.09491606
        4       5     4       3         0.16099326
        4       3     4       5        -0.16099328
        4       3     4       3        -0.05902203
        4       3     4       1         0.01253507
        4       1     4       3        -0.01253507
        4       1     4       1         2.89838314
        5      11     5      11        -0.00248559
       -1
    1  21   1  21   2   2
        4       7     4       7        -0.01401841
        4       7     4       5         0.00219541
        4       5     4       7        -0.00219541
        4       5     4       5         0.03991486
        4       5     4       3         0.10423927
        4       3     4       5        -0.10423928
        4       3     4       3        -0.03419673
        4       3     4       1         0.00508538
        4       1     4       3        -0.00508538
        4       1     4       1         1.75503337
        5      11     5      11        -0.00115664
       -2
