    0  26   0  26   0   0
        0       1     0       1        10.39230485
        1       1     1       1        10.39230485
        1       3     1       3        14.69693846
        2       1     2       1        10.39230485
        2       3     2       3        14.69693846
        2       5     2       5        18.00000000
        3       1     3       1        10.39230485
        3       3     3       3        14.69693846
        3       5     3       5        18.00000000
        3       7     3       7        20.78460969
        4       9     4       9        23.23790008
        4       7     4       7        11.69023895
        4       5     4       5         9.11260033
        4       3     4       3         5.68207359
        4       1     4       1         4.50351810
        5      11     5      11        10.71208096
       -1
    0  26   0  26   0   2
        4       7     4       7         4.96956301
        4       5     4       5         4.80583334
        4       3     4       3         3.10900855
        4       1     4       1         2.60610557
        5      11     5      11         6.20789194
       -2
