    0   2   0   2   0   0
        0       1       0       1        3.46410162
        1       1       1       1        3.46410162
        1       3       1       3        4.89897949
        2       1       2       1        3.46410162
        2       3       2       3        4.89897949
        2       5       2       5        6.00000000 
        3       7       3       7        2.22489095
        3       3       3       3        0.24807307
        3       5       3       5        0.17670052
        3       1       3       1        0.08948782
       -1
    0   2   0   2   0   2
        3       7       3       7        0.63999027
        3       3       3       3        0.01386888
        3       5       3       5        0.06036744
        3       1       3       1        0.01005985
       -2
