    0   2   0   2   0   0
        0       1       0       1        3.46410162
        1       1       1       1        3.46410162
        1       3       1       3        4.89897949
        2       1       2       1        3.46410162
        2       3       2       3        4.89897949
        2       5       2       5        6.00000000 
        3       1       3       1        0.12333605
        3       3       3       3        0.27466130
        3       5       3       5        0.20504865
        3       7       3       7        2.16461611
       -1
    0   2   0   2   0   2
        3       1       3       1        0.02036545
        3       3       3       3        0.01744860
        3       5       3       5        0.07535282
        3       7       3       7        0.61932856
       -2