    5   3   5   3   0   0
        0       1       0       1        9.79795898 
        1       1       1       1        9.79795898
        1       3       1       3       13.85649647
        2       1       2       1        9.79795898
        2       3       2       3       13.85640647
        2       5       2       5       16.97056275 
        3       1       3       1        0.32329401
        3       3       3       3        0.88504046
        3       5       3       5        0.48272273
        3       7       3       7        7.36769867
       -1
    5   3   5   3   0   2
        3       1       3       1        0.09017607
        3       3       3       3        0.10758549
        3       5       3       5        0.14391088
        3       7       3       7        2.49281979
       -2
    5   3   5   3   2   0
        3       1       3       1        0.01684656
        3       1       3       3        0.02722835
        3       3       3       1       -0.02722835
        3       3       3       3       -0.00232202
        3       3       3       5        0.01267680
        3       5       3       3       -0.01267680
        3       5       3       5        0.02148670
        3       5       3       7       -0.04083043
        3       7       3       5        0.04083041
        3       7       3       7        0.89796478
       -1
    5   3   5   3   2   2
        3       1       3       1        0.00255248
        3       1       3       3        0.01526258
        3       3       3       1       -0.01526258
        3       3       3       3        0.00847048
        3       3       3       5        0.02109697
        3       5       3       3       -0.02109697
        3       5       3       5        0.00691315
        3       5       3       7       -0.03663509
        3       7       3       5        0.03663506
        3       7       3       7        0.57432818
       -2
    5   3   5   3   4   0
        3       1       3       3        0.14378677
        3       1       3       5       -0.10504761
        3       3       3       1       -0.14378677
        3       3       3       3       -0.15545593
        3       3       3       5       -0.11355927
        3       3       3       7       -0.75676674
        3       5       3       1       -0.10504761
        3       5       3       3        0.11355927
        3       5       3       5       -0.09442264
        3       5       3       7        0.23066865
        3       7       3       3       -0.75676674
        3       7       3       5       -0.23066865
        3       7       3       7       -1.51456714
       -1
    5   3   5   3   4   2
        3       1       3       3        0.03419279
        3       1       3       5       -0.03437730
        3       3       3       1       -0.03419279
        3       3       3       3        0.01581708
        3       3       3       5       -0.04145317
        3       3       3       7       -0.11325370
        3       5       3       1       -0.03437730
        3       5       3       3        0.04145317
        3       5       3       5       -0.02751419
        3       5       3       7        0.10551156
        3       7       3       3       -0.11325370
        3       7       3       5       -0.10551156
        3       7       3       7       -0.36855376
       -2
    5   3   5   3   6   0
        3       1       3       5       -0.00814873
        3       1       3       7       -0.01468719
        3       3       3       3       -0.05430418
        3       3       3       5        0.00278814
        3       3       3       7        0.02659009
        3       5       3       1       -0.00814873
        3       5       3       3       -0.00278814
        3       5       3       5        0.00086232
        3       5       3       7        0.08672828
        3       7       3       1        0.01468719
        3       7       3       3        0.02659009
        3       7       3       5       -0.08672828
        3       7       3       7       -0.26082963
       -1
    5   3   5   3   6   2
        3       1       3       5       -0.00298283
        3       1       3       7       -0.01243468
        3       3       3       3       -0.05081294
        3       3       3       5       -0.00405450
        3       3       3       7        0.02081082
        3       5       3       1       -0.00298283
        3       5       3       3        0.00405450
        3       5       3       5        0.00358805
        3       5       3       7        0.05613058
        3       7       3       1        0.01243468
        3       7       3       3        0.02081082
        3       7       3       5       -0.05613058
        3       7       3       7       -0.13168435
       -2
    5   3   5   3   8   0
        3       1       3       7       -0.09138225
        3       3       3       5        0.03721876
        3       3       3       7       -0.06241613
        3       5       3       3       -0.03721876
        3       5       3       5        0.00344204
        3       5       3       7       -0.05712492
        3       7       3       1        0.09138225
        3       7       3       3       -0.06241613
        3       7       3       5        0.05712492
        3       7       3       7        0.47857440
       -1
    5   3   5   3   8   2
        3       1       3       7       -0.02466625
        3       3       3       5        0.01859471
        3       3       3       7       -0.10756682
        3       5       3       3       -0.01859471
        3       5       3       5       -0.00196525
        3       5       3       7       -0.00983531
        3       7       3       1        0.02466625
        3       7       3       3       -0.10756682
        3       7       3       5        0.00983531
        3       7       3       7        0.23518303
       -2
    5   3   5   3  10   0
        3       3       3       7        0.07294911
        3       5       3       5        0.01008989
        3       5       3       7       -0.06417751
        3       7       3       3        0.07294911
        3       7       3       5        0.06417751
        3       7       3       7       -0.98130333
       -1
    5   3   5   3  10   2
        3       3       3       7        0.05697438
        3       5       3       5        0.00850922
        3       5       3       7       -0.05332322
        3       7       3       3        0.05697438
        3       7       3       5        0.05332322
        3       7       3       7       -0.72387761
       -2