    0   4   0   4   0   0
        0       1       0       1        4.47213595
        1       1       1       1        4.47213595
        1       3       1       3        6.32455532
        2       1       2       1        4.47213595
        2       3       2       3        6.32455532
        2       5       2       5        7.74596669
        3       7       3       7        4.12220716
        3       3       3       3        0.29030293
        3       5       3       5        0.12928362
        3       1       3       1        0.06538141
       -1
    0   4   0   4   0   2
        3       7       3       7        1.46124244
        3       3       3       3        0.07194556
        3       5       3       5        0.06224863
        3       1       3       1        0.03022829
       -2
 