    7   5   7   5   0   0
        0       1       0       1       13.85640648
        1       1       1       1       13.85640648
        1       3       1       3       19.59591796
        2       1       2       1       13.85640648
        2       3       2       3       19.59591796
        2       5       2       5       24.00000000
        3       7       3       7       14.67958164
        3       3       3       3        0.75558484
        3       5       3       5        0.32993224
        3       1       3       1        0.17773433
       -1
    7   5   7   5   0   2
        3       7       3       7        5.57413292
        3       3       3       3        0.24764270
        3       5       3       5        0.14311077
        3       1       3       1        0.08579888
       -2
    7   5   7   5   2   0
        3       7       3       7        1.70815146
        3       7       3       5        0.09784599
        3       3       3       3        0.06422595
        3       3       3       5       -0.00890349
        3       3       3       1       -0.00146360
        3       5       3       7       -0.09784604
        3       5       3       3        0.00890348
        3       5       3       5        0.00276387
        3       1       3       3        0.00146360
        3       1       3       1       -0.00040209
       -1
    7   5   7   5   2   2
        3       7       3       7        1.05474246
        3       7       3       5        0.13271248
        3       3       3       3        0.04073018
        3       3       3       5        0.00895304
        3       3       3       1       -0.00557786
        3       5       3       7       -0.13271247
        3       5       3       3       -0.00895304
        3       5       3       5       -0.00477541
        3       1       3       3        0.00557786
        3       1       3       1       -0.00450594
       -2
    7   5   7   5   4   0
        3       7       3       7       -2.33842683
        3       7       3       3       -0.74509692
        3       7       3       5       -0.32073227
        3       3       3       7       -0.74509692
        3       3       3       3       -0.14964207
        3       3       3       5       -0.05137582
        3       3       3       1       -0.06185458
        3       5       3       7        0.32073224
        3       5       3       3        0.05137582
        3       5       3       5       -0.04610992
        3       5       3       1       -0.03394454
        3       1       3       3        0.06185458
        3       1       3       5       -0.03394454
       -1
    7   5   7   5   4   2
        3       7       3       7       -0.25561181
        3       7       3       3       -0.15916608
        3       7       3       5       -0.19070646
        3       3       3       7       -0.15916608
        3       3       3       3       -0.06394816
        3       3       3       5       -0.02357146
        3       3       3       1       -0.03829291
        3       5       3       7        0.19070646
        3       5       3       3        0.02357146
        3       5       3       5       -0.02487015
        3       5       3       1       -0.01504658
        3       1       3       3        0.03829291
        3       1       3       5       -0.01504658
       -2
    7   5   7   5   6   0
        3       7       3       7        1.34273744
        3       7       3       3       -0.15657084
        3       7       3       5        0.03530997
        3       7       3       1        0.01788836
        3       3       3       7       -0.15657084
        3       3       3       3        0.04460453
        3       3       3       5       -0.00390035
        3       5       3       7       -0.03530997
        3       5       3       3        0.00390035
        3       5       3       5        0.00058631
        3       5       3       1       -0.00108901
        3       1       3       7       -0.01788836
        3       1       3       5       -0.00108901
       -1
    7   5   7   5   6   2
        3       7       3       7        0.85761833
        3       7       3       3       -0.11978894
        3       7       3       5        0.00700712
        3       7       3       1        0.02084299
        3       3       3       7       -0.11978894
        3       3       3       3        0.03256314
        3       3       3       5       -0.00081947
        3       5       3       7       -0.00700712
        3       5       3       3        0.00081947
        3       5       3       5       -0.00281598
        3       5       3       1       -0.00178485
        3       1       3       7       -0.02084299
        3       1       3       5       -0.00178485
       -2
    7   5   7   5   8   0
        3       7       3       7       -0.98746705
        3       7       3       3        0.11072046
        3       7       3       5       -0.06140564
        3       7       3       1       -0.01700854
        3       3       3       7        0.11072046
        3       3       3       5       -0.01080349
        3       5       3       7        0.06140564
        3       5       3       3        0.01080349
        3       5       3       5        0.00392545
        3       1       3       7        0.01700854
       -1
    7   5   7   5   8   2
        3       7       3       7       -0.87951481
        3       7       3       3        0.06784437
        3       7       3       5       -0.02352219
        3       7       3       1        0.01665133
        3       3       3       7        0.06784437
        3       3       3       5       -0.00825926
        3       5       3       7        0.02352219
        3       5       3       3        0.00825926
        3       5       3       5        0.00119820
        3       1       3       7       -0.01665133
       -2
    7   5   7   5  10   0
        3       7       3       7        1.06961405
        3       7       3       3       -0.18537936
        3       7       3       5        0.03066422
        3       3       3       7       -0.18537936
        3       5       3       7       -0.03066422
        3       5       3       5       -0.00441134
       -1
    7   5   7   5  10   2
        3       7       3       7        0.74636167
        3       7       3       3       -0.12994717
        3       7       3       5        0.01497437
        3       3       3       7       -0.12994717
        3       5       3       7       -0.01497437
        3       5       3       5       -0.00423100
       -2
    7   5   7   5  12   0
        3       7       3       7       -1.13551831
        3       7       3       5        0.04435482
        3       5       3       7       -0.04435482
       -1
    7   5   7   5  12   2
        3       7       3       7       -0.76650721
        3       7       3       5        0.03431002
        3       5       3       7       -0.03431002
       -2
    7   5   7   5  14   0
        3       7       3       7        1.45475495
       -1
    7   5   7   5  14   2
        3       7       3       7        0.99508584
       -2
