    7   5   7   5   0   0
        0       1       0       1       13.85640648
        1       1       1       1       13.85640648
        1       3       1       3       19.59591796
        2       1       2       1       13.85640648
        2       3       2       3       19.59591796
        2       5       2       5       24.00000000
        3       7       3       7       14.40868378
        3       3       3       3        0.74214053
        3       5       3       5        0.61902380
        3       1       3       1        0.23781972
       -1
    7   5   7   5   0   2
        3       7       3       7        5.57131767
        3       3       3       3        0.25025520
        3       5       3       5        0.14752780
        3       1       3       1        0.08008418
       -2
    7   5   7   5   2   0
        3       7       3       7        1.70962739
        3       7       3       5        0.17147361
        3       3       3       3        0.06377710
        3       3       3       5        0.00164539
        3       3       3       1       -0.00056354
        3       5       3       7       -0.17147365
        3       5       3       3       -0.00164539
        3       5       3       5        0.00106804
        3       1       3       3        0.00056354
        3       1       3       1       -0.00248481
       -1
    7   5   7   5   2   2
        3       7       3       7        1.05839539
        3       7       3       5        0.13215379
        3       3       3       3        0.05094459
        3       3       3       5        0.00950403
        3       3       3       1       -0.00203017
        3       5       3       7       -0.13215381
        3       5       3       3       -0.00950403
        3       5       3       5       -0.00804413
        3       1       3       3        0.00203017
        3       1       3       1       -0.00311987
       -2
    7   5   7   5   4   0
        3       7       3       7       -2.28441572
        3       7       3       3       -0.70908654
        3       7       3       5       -0.35401934
        3       3       3       7       -0.70908654
        3       3       3       3       -0.15053515
        3       3       3       5       -0.05647754
        3       3       3       1       -0.07451557
        3       5       3       7        0.35401931
        3       5       3       3        0.05647754
        3       5       3       5       -0.09635289
        3       5       3       1       -0.06523496
        3       1       3       3        0.07451557
        3       1       3       5       -0.06523496
       -1
    7   5   7   5   4   2
        3       7       3       7       -0.27342165
        3       7       3       3       -0.14860144
        3       7       3       5       -0.17422967
        3       3       3       7       -0.14860144
        3       3       3       3       -0.06739783
        3       3       3       5       -0.01753540
        3       3       3       1       -0.03619577
        3       5       3       7        0.17422967
        3       5       3       3        0.01753540
        3       5       3       5       -0.02487938
        3       5       3       1       -0.01549501
        3       1       3       3        0.03619577
        3       1       3       5       -0.01549501
       -2
    7   5   7   5   6   0
        3       7       3       7        1.34298670
        3       7       3       3       -0.13171841
        3       7       3       5        0.07335595
        3       7       3       1        0.02558829
        3       3       3       7       -0.13171841
        3       3       3       3        0.04537087
        3       3       3       5       -0.00097222
        3       5       3       7       -0.07335595
        3       5       3       3        0.00097222
        3       5       3       5        0.00513015
        3       5       3       1       -0.00014505
        3       1       3       7       -0.02558829
        3       1       3       5       -0.00014505
       -1
    7   5   7   5   6   2
        3       7       3       7        0.86032486
        3       7       3       3       -0.12031763
        3       7       3       5        0.03209865
        3       7       3       1        0.01834535
        3       3       3       7       -0.12031763
        3       3       3       3        0.02981947
        3       3       3       5        0.00056362
        3       5       3       7       -0.03209865
        3       5       3       3       -0.00056362
        3       5       3       5        0.00002483
        3       5       3       1       -0.00126076
        3       1       3       7       -0.01834535
        3       1       3       5       -0.00126076
       -2
    7   5   7   5   8   0
        3       7       3       7       -0.99089748
        3       7       3       3        0.10929394
        3       7       3       5       -0.05897430
        3       7       3       1       -0.01535116
        3       3       3       7        0.10929394
        3       3       3       5       -0.00869401
        3       5       3       7        0.05897430
        3       5       3       3        0.00869401
        3       5       3       5       -0.00197574
        3       1       3       7        0.01535116
       -1
    7   5   7   5   8   2
        3       7       3       7       -0.87012374
        3       7       3       3        0.06747352
        3       7       3       5       -0.02473645
        3       7       3       1        0.01034093
        3       3       3       7        0.06747352
        3       3       3       5       -0.00834478
        3       5       3       7        0.02473645
        3       5       3       3        0.00834478
        3       5       3       5       -0.00385937
        3       1       3       7       -0.01034093
       -2
    7   5   7   5  10   0
        3       7       3       7        1.08486426
        3       7       3       3       -0.18118425
        3       7       3       5        0.02928198
        3       3       3       7       -0.18118425
        3       5       3       7       -0.02928198
        3       5       3       5       -0.00011046
       -1
    7   5   7   5  10   2
        3       7       3       7        0.75002366
        3       7       3       3       -0.12252685
        3       7       3       5        0.01067395
        3       3       3       7       -0.12252685
        3       5       3       7       -0.01067395
        3       5       3       5       -0.00234977
       -2
    7   5   7   5  12   0
        3       7       3       7       -1.13629258
        3       7       3       5        0.01710461
        3       5       3       7       -0.01710461
       -1
    7   5   7   5  12   2
        3       7       3       7       -0.76056898
        3       7       3       5        0.02152196
        3       5       3       7       -0.02152196
       -2
    7   5   7   5  14   0
        3       7       3       7        1.45537221
       -1
    7   5   7   5  14   2
        3       7       3       7        0.99321485
       -2
