    0   6   0   6   0   0
        0       1       0       1        5.29150263
        1       1       1       1        5.29150263
        1       3       1       3        7.48331478
        2       1       2       1        5.29150263
        2       3       2       3        7.48331478
        2       5       2       5        9.16515139
        3       7       3       7        6.16571474
        3       3       3       3        0.24796113
        3       5       3       5        0.26175204
        3       1       3       1        0.09328953
       -1
    0   6   0   6   0   2
        3       7       3       7        2.49872589
        3       3       3       3        0.10990387
        3       5       3       5        0.05911658
        3       1       3       1        0.03623101
       -2
