    0   6   0   6   0   0
        0       1       0       1        5.29150263
        1       1       1       1        5.29150263
        1       3       1       3        7.48331478
        2       1       2       1        5.29150263
        2       3       2       3        7.48331478
        2       5       2       5        9.16515139
        3       1       3       1        0.23607011
        3       3       3       3        0.32357410
        3       5       3       5        0.40375549
        3       7       3       7        5.91787910
       -1
    0   6   0   6   0   2
        3       1       3       1        0.11553346
        3       3       3       3        0.14074969
        3       5       3       5        0.13610989
        3       7       3       7        2.37058520
       -2