    1  21   1  21   0   0
        0       1     0       1        13.26649916
        1       1     1       1        13.26649916
        1       3     1       3        18.76166304
        2       1     2       1        13.26649916
        2       3     2       3        18.76166304
        2       5     2       5        22.97825059
        3       1     3       1        13.26649916
        3       3     3       3        18.76166304
        3       5     3       5        22.97825059
        3       7     3       7        26.53299832
        4       9     4       9        29.66479395
        4       7     4       7        15.72998333
        4       5     4       5        12.70056057
        4       3     4       3         6.31730127
        4       1     4       1         4.27539635
        5      11     5      11        12.04933643
       -1
    1  21   1  21   0   2
        4       7     4       7         5.41429901
        4       5     4       5         5.21202469
        4       3     4       3         2.59315109
        4       1     4       1         1.97924447
        5      11     5      11         6.76901960
       -2
    1  21   1  21   2   0
        4       7     4       7         0.02176643
        4       7     4       5        -0.01901278
        4       5     4       7         0.01901278
        4       5     4       5         0.14696984
        4       5     4       3         0.13843325
        4       3     4       5        -0.13843325
        4       3     4       3        -0.12437834
        4       3     4       1         0.02296505
        4       1     4       3        -0.02296505
        4       1     4       1         2.57670951
        5      11     5      11         0.00379938
       -1
    1  21   1  21   2   2
        4       7     4       7        -0.02554440
        4       7     4       5         0.00262551
        4       5     4       7        -0.00262551
        4       5     4       5         0.04754077
        4       5     4       3         0.10215051
        4       3     4       5        -0.10215052
        4       3     4       3        -0.06682140
        4       3     4       1         0.00356454
        4       1     4       3        -0.00356454
        4       1     4       1         1.56564105
        5      11     5      11         0.00298196
       -2
