    0  24   0  24   0   0
        0       1     0       1        10.00000000
        1       1     1       1        10.00000000
        1       3     1       3        14.14213562
        2       1     2       1        10.00000000
        2       3     2       3        14.14213562
        2       5     2       5        17.32050808
        3       1     3       1        10.00000000
        3       3     3       3        14.14213562
        3       5     3       5        17.32050808
        3       7     3       7        20.00000000
        4       9     4       9        22.36067977
        4       7     4       7        12.50242519
        4       5     4       5         9.60641956
        4       3     4       3         5.51052856
        4       1     4       1         4.34248972
        5      11     5      11        10.70459080
       -1
    0  24   0  24   0   2
        4       7     4       7         3.99903917
        4       5     4       5         4.10091209
        4       3     4       3         2.76935482
        4       1     4       1         2.38189721
        5      11     5      11         5.98332357
       -2
