    0  22   0  22   0   0
        0       1     0       1         9.59166305
        1       1     1       1         9.59166305
        1       3     1       3        13.56465997
        2       1     2       1         9.59166305
        2       3     2       3        13.56465997
        2       5     2       5        16.61324773
        3       1     3       1         9.59166305
        3       3     3       3        13.56465997
        3       5     3       5        16.61324773
        3       7     3       7        19.18332609
        4       9     4       9        21.44761059
        4       7     4       7        11.45961094
        4       5     4       5         9.18058681
        4       3     4       3         4.83664274
        4       1     4       1         3.97120762
        5      11     5      11         9.10628510
       -1
    0  22   0  22   0   2
        4       7     4       7         3.86417985
        4       5     4       5         3.74681258
        4       3     4       3         2.18672442
        4       1     4       1         2.04565501
        5      11     5      11         5.08506393
       -2
